54846300,9
24,10
62,16
53640240,9
23,10
48,16
60093200,9
18,10
42,16
60267319,9
18,10
41,16
52792362,9
40,10
68,16
50763624,9
20,10
50,16
51170552,9
32,10
41,16
55799048,9
89,10
31,16
51197395,9
20,10
47,16
52901824,9
88,10
49,16
34933459,9
21,9
65,16
37160829,9
23,9
35,16
37949978,9
29,9
40,16
36592499,9
16,9
41,16
37253310,9
24,9
44,16
36807771,9
27,9
55,16
37504638,9
29,9
41,16
35042601,9
32,9
41,16
34300131,9
16,9
45,16
34134262,9
24,9
44,16
3561797,8
38,9
35,14
3599734,8
30,9
69,14
3588362,8
23,9
32,14
3587831,8
21,9
33,14
3512671,8
22,9
45,14
3530534,8
31,9
58,14
3524357,8
16,9
48,14
3518503,8
28,9
28,14
3611507,8
28,9
34,14
3574800,8
15,9
32,14
75459269,9
32,9
39,14
79203050,9
31,9
52,14
72152101,9
22,9
39,14
71765163,9
30,9
35,14
66580911,9
24,9
29,14
70756035,9
31,9
41,14
72608716,9
26,9
41,14
71752877,9
18,9
50,14
70264728,9
16,9
42,14
74497178,9
16,9
40,14
470305994,10
51,10
34,14
563757649,10
26,10
78,14
