625,4
9,4
11,8
668,4
9,4
12,8
630,4
8,4
11,8
657,4
8,4
12,8
659,4
8,4
13,8
635,4
8,4
12,8
1020,4
20,4
32,8
710,4
8,4
11,8
626,4
9,4
12,8
1017,4
18,4
53,8
7880,5
21,5
59,8
7821,5
11,5
40,8
7783,5
18,5
42,8
7132,5
17,5
35,8
7298,5
20,5
37,8
7218,5
20,5
33,8
7557,5
54,5
44,8
7610,5
19,5
71,8
7309,5
19,5
39,8
7133,5
21,5
29,8
5127,5
11,6
43,8
5588,5
22,6
94,8
6068,5
12,6
41,8
5167,5
11,6
43,8
5456,5
12,6
46,8
5928,5
19,6
109,8
5156,5
11,6
33,8
5156,5
11,6
45,8
5075,5
18,6
39,8
5138,5
24,6
38,8
2077,5
12,5
33,10
2672,5
29,5
94,10
2133,5
10,5
31,10
2502,5
28,5
43,10
2125,5
13,5
31,10
2119,5
14,5
32,10
2113,5
10,5
15,10
2586,5
18,5
26,10
2089,5
10,5
15,10
2963,5
12,5
20,10
28761,6
13,6
39,10
28137,6
11,6
40,10
26516,6
11,6
35,10
34220,6
40,6
54,10
26782,6
20,6
28,10
27064,6
22,6
43,10
26868,6
22,6
40,10
26994,6
24,6
38,10
26586,6
18,6
51,10
26789,6
23,6
35,10
3683,5
11,5
18,10
3886,5
10,5
18,10
3717,5
23,5
35,10
3992,5
14,5
40,10
3736,5
37,5
43,10
3653,5
16,5
35,10
4073,5
23,5
32,10
3561,5
9,5
15,10
3582,5
11,5
18,10
3614,5
10,5
20,10
2105,5
10,5
18,8
2528,5
19,5
38,8
2216,5
9,5
17,8
2776,5
98,5
96,8
2419,5
41,5
31,8
3717,5
10,5
15,8
2972,5
14,5
45,8
2277,5
11,5
18,8
2191,5
10,5
16,8
2138,5
11,5
33,8
605,4
9,4
13,6
653,4
9,4
13,6
622,4
49,4
13,6
628,4
9,4
11,6
996,4
18,4
41,6
841,4
16,4
25,6
664,4
13,4
13,6
599,4
9,4
11,6
608,4
8,4
11,6
643,4
8,4
11,6
2337,5
11,5
20,8
2323,5
15,5
27,8
2298,5
16,5
37,8
2723,5
16,5
18,8
2451,5
19,5
67,8
2788,5
29,5
94,8
2438,5
27,5
44,8
2066,5
10,5
33,8
2087,5
9,5
14,8
1976,5
9,5
13,8
27300,6
11,6
40,6
27344,6
11,6
40,6
25839,6
55,6
32,6
25291,6
17,6
39,6
24876,6
14,6
40,6
24837,6
13,6
24,6
25145,6
11,6
36,6
25235,6
20,6
35,6
25292,6
12,6
34,6
26392,6
16,6
43,6
