6492303,8
43,10
46,14
5673046,8
28,10
36,14
5155104,8
35,10
43,14
5008280,8
29,10
76,14
5111933,8
32,10
31,14
4941725,8
17,10
47,14
4879097,8
17,10
36,14
4739781,8
64,10
15,14
4791520,8
16,10
37,14
4722985,8
17,10
36,14
4597479,8
27,9
52,14
4594368,8
20,9
46,14
4535568,8
26,9
59,14
4526062,8
16,9
38,14
4470481,8
16,9
35,14
4525977,8
19,9
48,14
4497664,8
16,9
33,14
4506397,8
16,9
34,14
4578782,8
19,9
51,14
4540190,8
22,9
34,14
5277611,8
15,9
31,14
5001924,8
22,9
29,14
4876619,8
16,9
38,14
5135505,8
18,9
44,14
5071797,8
16,9
35,14
4968737,8
90,9
33,14
4885182,8
18,9
34,14
5054667,8
24,9
33,14
4986838,8
18,9
44,14
4874993,8
26,9
46,14
34453911,9
17,9
46,12
34210865,9
17,9
47,12
33353486,9
27,9
33,12
34243411,9
47,9
57,12
38259648,9
29,9
68,12
33679397,9
21,9
32,12
33081254,9
25,9
41,12
33025612,9
27,9
35,12
33989782,9
97,9
38,12
33302186,9
16,9
37,12
4988469,8
148,9
52,14
4729124,8
35,9
34,14
4365130,8
25,9
40,14
4363553,8
31,9
43,14
4524150,8
17,9
30,14
4396019,8
21,9
53,14
4369301,8
15,9
46,14
4403786,8
29,9
44,14
4558939,8
16,9
35,14
4428638,8
14,9
39,14
1923128,8
14,8
33,14
1933460,8
19,8
29,14
1937410,8
21,8
35,14
1908701,8
15,8
36,14
1906882,8
17,8
44,14
1927327,8
25,8
34,14
1918814,8
15,8
45,14
1892122,8
23,8
39,14
1879961,8
16,8
38,14
1865940,8
19,8
54,14
17551513,9
19,9
44,12
16242979,9
22,9
38,12
17286755,9
29,9
36,12
17112690,9
15,9
31,12
17900597,9
21,9
33,12
17290667,9
20,9
53,12
17055829,9
35,9
44,12
17241608,9
27,9
47,12
16766287,9
22,9
39,12
16745186,9
15,9
44,12
759334,7
33,7
33,12
749435,7
28,7
30,12
758973,7
17,7
38,12
754525,7
18,7
27,12
752274,7
19,7
50,12
756994,7
32,7
32,12
750036,7
16,7
41,12
742973,7
49,7
43,12
777738,7
30,7
43,12
764803,7
15,7
36,12
4210253,8
36,9
31,12
4143575,8
16,9
40,12
4205954,8
38,9
59,12
4124187,8
21,9
30,12
4181353,8
24,9
33,12
4175684,8
25,9
37,12
4159268,8
19,9
37,12
4184824,8
16,9
35,12
4123430,8
18,9
44,12
4149578,8
19,9
43,12
18691294,9
40,9
32,12
15277507,9
34,9
27,12
14544990,9
32,9
42,12
14308765,9
19,9
54,12
14965859,9
26,9
90,12
14758707,9
16,9
33,12
14971349,9
21,9
53,12
15118055,9
24,9
37,12
14327360,9
27,9
35,12
14803122,9
15,9
29,12
