54846300,9
24,10
62,16
53640240,9
23,10
48,16
60093200,9
18,10
42,16
60267319,9
18,10
41,16
52792362,9
40,10
68,16
50763624,9
20,10
50,16
51170552,9
32,10
41,16
55799048,9
89,10
31,16
51197395,9
20,10
47,16
52901824,9
88,10
49,16
34933459,9
21,9
65,16
37160829,9
23,9
35,16
37949978,9
29,9
40,16
36592499,9
16,9
41,16
37253310,9
24,9
44,16
36807771,9
27,9
55,16
37504638,9
29,9
41,16
35042601,9
32,9
41,16
34300131,9
16,9
45,16
34134262,9
24,9
44,16
3561797,8
38,9
35,14
3599734,8
30,9
69,14
3588362,8
23,9
32,14
3587831,8
21,9
33,14
3512671,8
22,9
45,14
3530534,8
31,9
58,14
3524357,8
16,9
48,14
3518503,8
28,9
28,14
3611507,8
28,9
34,14
3574800,8
15,9
32,14
75459269,9
32,9
39,14
79203050,9
31,9
52,14
72152101,9
22,9
39,14
71765163,9
30,9
35,14
66580911,9
24,9
29,14
70756035,9
31,9
41,14
72608716,9
26,9
41,14
71752877,9
18,9
50,14
70264728,9
16,9
42,14
74497178,9
16,9
40,14
110587707,9
31,9
88,14
92723256,9
29,9
39,14
82690937,9
22,9
67,14
93626524,9
16,9
36,14
93691203,9
21,9
58,14
92256238,9
27,9
52,14
84636734,9
30,9
36,14
86164436,9
32,9
39,14
80941500,9
29,9
41,14
98506812,9
16,9
41,14
2683881,8
16,8
48,14
2740709,8
18,8
47,14
2691705,8
31,8
50,14
3277175,8
17,8
43,14
3600935,8
16,8
46,14
2753821,8
28,8
59,14
2895099,8
25,8
39,14
2776206,8
33,8
36,14
2691191,8
23,8
72,14
2753687,8
19,8
45,14
53338944,9
23,9
40,14
66445341,9
16,9
52,14
56136124,9
31,9
38,14
56087231,9
27,9
37,14
68365079,9
29,9
45,14
70241255,9
25,9
36,14
58642681,9
21,9
58,14
58359348,9
20,9
38,14
58620713,9
28,9
47,14
53168765,9
17,9
40,14
45128460,9
34,10
34,14
46418550,9
15,10
30,14
47203883,9
18,10
44,14
47365276,9
18,10
46,14
50439509,9
16,10
41,14
52014552,9
19,10
38,14
56751627,9
17,10
33,14
52165043,9
37,10
39,14
49934466,9
23,10
58,14
46783911,9
16,10
47,14
577610260,10
18,10
42,16
541186549,10
17,10
37,16
563329871,10
33,10
90,16
585384941,10
29,10
43,16
557105813,10
17,10
34,16
566664839,10
21,10
57,16
653241145,10
18,10
41,16
589597894,10
18,10
156,16
615538426,10
23,10
63,16
545504566,10
16,10
46,16
2820019,8
43,8
40,12
2858283,8
204,8
76,12
2843620,8
208,8
47,12
2842186,8
83,8
81,12
2852606,8
82,8
80,12
2819740,8
68,8
17,12
2757484,8
154,8
72,12
2760210,8
54,8
15,12
2789771,8
52,8
18,12
2773179,8
230,8
325,12
