24140,6
18,6
47,8
30820,6
11,6
39,8
21649,6
15,6
49,8
21556,6
12,6
72,8
21502,6
23,6
35,8
21651,6
21,6
35,8
21737,6
13,6
38,8
21471,6
21,6
32,8
21518,6
21,6
35,8
21671,6
14,6
41,8
25665,6
13,6
32,10
25057,6
22,6
38,10
29199,6
12,6
35,10
27689,6
36,6
64,10
25224,6
26,6
55,10
25124,6
22,6
36,10
24952,6
23,6
41,10
26250,6
11,6
42,10
24112,6
16,6
58,10
25834,6
27,6
59,10
20332,6
29,6
35,10
20609,6
25,6
33,10
19991,6
24,6
38,10
21196,6
11,6
40,10
19372,6
23,6
44,10
20224,6
28,6
49,10
19126,6
13,6
39,10
19467,6
14,6
48,10
18755,6
17,6
29,10
20492,6
23,6
41,10
17308,6
19,6
35,8
16921,6
76,6
30,8
18792,6
27,6
51,8
19334,6
30,6
44,8
18399,6
18,6
56,8
22329,6
28,6
64,8
18680,6
26,6
62,8
24468,6
17,6
50,8
19810,6
14,6
40,8
23305,6
21,6
62,8
13452,6
33,6
53,10
16230,6
27,6
77,10
12879,6
26,6
82,10
15790,6
13,6
90,10
13219,6
23,6
116,10
14757,6
27,6
52,10
14170,6
18,6
55,10
14455,6
19,6
58,10
15141,6
25,6
49,10
11852,6
10,6
31,10
2956,5
14,5
25,10
2998,5
12,5
66,10
2208,5
56,5
35,10
2039,5
11,5
38,10
2631,5
21,5
51,10
2957,5
14,5
45,10
2753,5
16,5
27,10
3283,5
21,5
87,10
1980,5
10,5
15,10
2937,5
15,5
23,10
4120,5
13,5
46,8
3328,5
12,5
38,8
3686,5
32,5
47,8
2638,5
13,5
40,8
4213,5
15,5
53,8
4186,5
14,5
45,8
4055,5
16,5
26,8
3316,5
15,5
51,8
3732,5
27,5
61,8
3045,5
16,5
25,8
20869,6
40,6
58,10
23001,6
19,6
49,10
18363,6
16,6
51,10
25170,6
21,6
72,10
25446,6
15,6
50,10
20353,6
56,6
46,10
25268,6
18,6
61,10
19637,6
23,6
54,10
25328,6
33,6
54,10
21921,6
30,6
36,10
26551,6
22,6
70,8
29775,6
29,6
50,8
24636,6
28,6
34,8
23655,6
32,6
52,8
25393,6
18,6
55,8
22346,6
11,6
36,8
23137,6
12,6
31,8
20322,6
14,6
49,8
21298,6
22,6
40,8
24132,6
16,6
60,8
2250,5
9,5
15,8
2813,5
18,5
41,8
2248,5
10,5
16,8
2899,5
18,5
33,8
2228,5
11,5
62,8
2969,5
17,5
159,8
2303,5
10,5
17,8
3609,5
65,5
124,8
2223,5
9,5
17,8
2382,5
10,5
41,8
