103463,6
20,6
30,12
98463,6
20,6
41,12
100962,6
14,6
26,12
100265,6
12,6
44,12
102167,6
21,6
43,12
99329,6
12,6
36,12
100088,6
13,6
43,12
98866,6
23,6
37,12
101510,6
21,6
37,12
99380,6
20,6
44,12
171159,7
15,7
44,10
171115,7
13,7
35,10
175072,7
14,7
41,10
166661,7
13,7
37,10
173847,7
18,7
33,10
177180,7
12,7
39,10
169249,7
16,7
41,10
171931,7
14,7
30,10
167395,7
15,7
48,10
170290,7
11,7
40,10
358142,7
13,8
37,12
367507,7
15,8
42,12
364612,7
12,8
41,12
352637,7
13,8
42,12
369534,7
24,8
40,12
365798,7
13,8
41,12
362990,7
13,8
42,12
360361,7
13,8
39,12
356775,7
13,8
31,12
363377,7
13,8
39,12
32218,6
14,7
42,10
31542,6
28,7
32,10
30268,6
22,7
40,10
32326,6
31,7
44,10
30378,6
12,7
41,10
30324,6
12,7
38,10
30233,6
22,7
40,10
30674,6
19,7
43,10
30078,6
11,7
42,10
30176,6
12,7
39,10
393835,7
12,7
50,10
397643,7
13,7
38,10
405098,7
13,7
40,10
399546,7
25,7
37,10
409804,7
15,7
42,10
411080,7
21,7
27,10
450465,7
13,7
36,10
391282,7
13,7
41,10
395232,7
12,7
40,10
398100,7
13,7
32,10
3489634,8
22,8
50,12
3576159,8
25,8
40,12
3590964,8
23,8
38,12
3526428,8
14,8
40,12
3484461,8
13,8
39,12
3514535,8
14,8
43,12
4801277,8
19,8
42,12
4098726,8
23,8
43,12
3607221,8
21,8
34,12
3683280,8
13,8
36,12
33313,6
26,6
34,10
30076,6
19,6
121,10
29151,6
25,6
35,10
31703,6
34,6
50,10
28941,6
17,6
50,10
28694,6
24,6
37,10
28196,6
44,6
37,10
28817,6
14,6
40,10
33921,6
20,6
33,10
28546,6
25,6
40,10
107032,6
24,7
37,12
104364,6
20,7
305,12
105158,6
13,7
42,12
103928,6
19,7
73,12
104083,6
28,7
73,12
109759,6
22,7
33,12
103811,6
12,7
38,12
106698,6
25,7
50,12
109369,6
25,7
47,12
109694,6
28,7
60,12
2661496,8
25,8
41,10
2333476,8
12,8
49,10
3204726,8
14,8
42,10
2667095,8
25,8
43,10
2638949,8
27,8
46,10
2891559,8
15,8
40,10
2509603,8
34,8
42,10
2452374,8
33,8
47,10
2517752,8
28,8
33,10
2405889,8
25,8
32,10
341692,7
12,8
34,12
334884,7
24,8
41,12
333555,7
31,8
50,12
327194,7
13,8
39,12
322045,7
32,8
31,12
310680,7
24,8
33,12
316631,7
17,8
30,12
326246,7
14,8
37,12
321919,7
14,8
38,12
321390,7
18,8
32,12
