343184,7
24,8
32,14
335518,7
18,8
41,14
331531,7
23,8
31,14
341577,7
15,8
40,14
335812,7
17,8
38,14
342801,7
20,8
31,14
354217,7
19,8
31,14
388955,7
94,8
156,14
409391,7
18,8
43,14
413491,7
32,8
99,14
32207,6
37,6
38,10
31980,6
34,6
47,10
27964,6
18,6
52,10
28222,6
26,6
56,10
29702,6
26,6
71,10
28625,6
16,6
37,10
32994,6
37,6
106,10
31430,6
38,6
88,10
30575,6
16,6
46,10
29555,6
17,6
53,10
1955097,8
35,8
78,12
1969426,8
18,8
44,12
1928146,8
27,8
32,12
1927031,8
28,8
36,12
1943578,8
24,8
34,12
1907194,8
24,8
30,12
1918137,8
28,8
39,12
2379840,8
25,8
32,12
2826904,8
24,8
69,12
2454727,8
38,8
52,12
324512,7
18,7
48,12
308266,7
15,7
37,12
377236,7
21,7
30,12
369855,7
18,7
61,12
313794,7
17,7
38,12
317539,7
29,7
37,12
431188,7
26,7
68,12
449371,7
64,7
61,12
660291,7
49,7
418,12
452124,7
41,7
233,12
632533,7
119,7
52,12
638326,7
25,7
58,12
716004,7
34,7
92,12
683291,7
21,7
44,12
763025,7
14,7
32,12
685622,7
17,7
45,12
713523,7
20,7
43,12
678335,7
17,7
75,12
868086,7
17,7
55,12
650717,7
25,7
34,12
340375,7
57,7
469,12
323444,7
24,7
71,12
313813,7
22,7
50,12
312646,7
39,7
32,12
321341,7
16,7
47,12
322744,7
52,7
273,12
308993,7
45,7
38,12
312608,7
31,7
42,12
316439,7
15,7
32,12
320724,7
20,7
59,12
339182,7
14,7
36,12
333431,7
15,7
42,12
340338,7
29,7
30,12
330062,7
70,7
62,12
332070,7
109,7
32,12
334682,7
20,7
64,12
330454,7
20,7
48,12
347173,7
28,7
74,12
332803,7
33,7
31,12
337370,7
18,7
44,12
381452,7
30,7
63,12
386773,7
25,7
31,12
367860,7
15,7
41,12
363740,7
23,7
64,12
361766,7
18,7
42,12
384084,7
21,7
34,12
368714,7
26,7
35,12
363250,7
28,7
57,12
365540,7
23,7
48,12
359995,7
131,7
44,12
923218,7
32,7
80,12
943862,7
19,7
45,12
914880,7
25,7
51,12
952624,7
37,7
36,12
970310,7
29,7
71,12
953082,7
18,7
50,12
943786,7
43,7
33,12
948301,7
116,7
34,12
926366,7
54,7
35,12
939229,7
63,7
36,12
4731149,8
24,8
57,12
4592495,8
15,8
38,12
4493781,8
35,8
47,12
4710583,8
39,8
39,12
4826822,8
171,8
36,12
4729187,8
56,8
33,12
4449849,8
26,8
77,12
4919518,8
63,8
96,12
4979030,8
17,8
43,12
4648788,8
18,8
44,12
