16190,6
19,6
39,10
16758,6
19,6
45,10
16127,6
11,6
38,10
15438,6
25,6
37,10
15359,6
21,6
44,10
16243,6
20,6
31,10
16648,6
11,6
40,10
16385,6
30,6
100,10
15403,6
21,6
36,10
15364,6
24,6
34,10
31141,6
11,6
44,10
41340,6
131,6
110,10
30060,6
24,6
36,10
30719,6
34,6
50,10
30011,6
13,6
46,10
32468,6
16,6
44,10
29355,6
25,6
53,10
32361,6
12,6
40,10
27778,6
23,6
40,10
30105,6
23,6
44,10
30509,6
21,6
53,10
29878,6
25,6
39,10
24401,6
26,6
38,10
28348,6
22,6
32,10
32379,6
12,6
46,10
27117,6
13,6
42,10
24481,6
24,6
35,10
24318,6
11,6
33,10
24441,6
11,6
44,10
24322,6
21,6
35,10
136855,7
15,7
46,12
136550,7
14,7
40,12
141872,7
43,7
54,12
131024,7
20,7
99,12
134727,7
13,7
41,12
130850,7
13,7
45,12
132214,7
16,7
48,12
130709,7
21,7
41,12
130570,7
23,7
44,12
136173,7
21,7
37,12
5149,5
11,5
35,10
5246,5
12,5
38,10
6694,5
55,5
91,10
5289,5
29,5
38,10
5262,5
12,5
49,10
5272,5
22,5
33,10
5234,5
13,5
38,10
5207,5
25,5
32,10
5472,5
18,5
45,10
5241,5
12,5
41,10
37047,6
12,6
43,10
30257,6
26,6
219,10
30710,6
30,6
56,10
29522,6
13,6
51,10
28626,6
11,6
37,10
28507,6
19,6
38,10
28606,6
12,6
42,10
28732,6
11,6
34,10
28502,6
21,6
34,10
34579,6
12,6
45,10
45817,6
11,6
40,10
48004,6
12,6
40,10
43933,6
33,6
47,10
43600,6
60,6
118,10
42598,6
13,6
47,10
43207,6
11,6
44,10
43265,6
11,6
37,10
42765,6
11,6
38,10
42704,6
12,6
39,10
43053,6
12,6
44,10
3014,5
12,5
19,10
3611,5
13,5
50,10
4025,5
19,5
55,10
3804,5
12,5
25,10
4126,5
16,5
117,10
3271,5
11,5
18,10
2933,5
11,5
15,10
2973,5
19,5
26,10
3029,5
15,5
45,10
3033,5
15,5
39,10
19162,6
16,6
44,10
19927,6
14,6
73,10
19282,6
26,6
73,10
18916,6
22,6
36,10
17973,6
20,6
34,10
18450,6
27,6
45,10
18225,6
12,6
41,10
19060,6
25,6
37,10
18139,6
22,6
37,10
17973,6
11,6
31,10
19553,6
19,6
35,12
21133,6
56,6
47,12
19093,6
20,6
35,12
19079,6
13,6
38,12
19097,6
12,6
68,12
19089,6
27,6
51,12
19176,6
22,6
34,12
18994,6
13,6
36,12
18953,6
14,6
34,12
18684,6
13,6
45,12
