468,1
13,1
23,2
130,1
7,1
10,2
135,1
7,1
9,2
137,1
9,1
10,2
129,1
7,1
8,2
137,1
8,1
10,2
139,1
7,1
10,2
133,1
7,1
10,2
148,1
8,1
11,2
131,1
7,1
10,2
127,1
7,1
10,2
166,1
9,1
18,2
119,1
6,1
7,2
125,1
6,1
7,2
122,1
6,1
9,2
154,1
13,1
12,2
118,1
6,1
9,2
126,1
7,1
8,2
185,1
17,1
27,2
119,1
6,1
7,2
125,1
6,1
8,2
114,1
6,1
7,2
118,1
6,1
7,2
117,1
6,1
7,2
123,1
6,1
7,2
115,1
6,1
7,2
119,1
6,1
7,2
121,1
6,1
7,2
388,1
17,1
40,2
131,1
6,1
9,2
118,1
6,1
8,2
100,1
73,1
7,2
147,1
8,1
11,2
123,1
6,1
7,2
125,1
6,1
8,2
122,1
6,1
7,2
117,1
6,1
8,2
121,1
6,1
7,2
124,1
7,1
8,2
137,1
8,1
11,2
137,1
8,1
10,2
152,1
8,1
10,2
154,1
8,1
11,2
126,1
6,1
9,2
117,1
6,1
8,2
124,1
6,1
8,2
250,1
12,1
18,2
247,1
8,1
15,2
147,1
9,1
12,2
145,1
7,1
10,2
139,1
7,1
10,2
179,1
22,1
28,2
130,1
6,1
7,2
288,1
9,1
18,2
125,1
7,1
8,2
182,1
9,1
13,2
119,1
6,1
7,2
121,1
6,1
8,2
223,1
14,1
20,2
157,1
10,1
10,2
125,1
6,1
8,2
137,1
6,1
7,2
134,1
8,1
8,2
166,1
14,1
19,2
123,1
6,1
8,2
136,1
7,1
10,2
184,1
31,1
15,2
121,1
6,1
8,2
132,1
6,1
8,2
127,1
6,1
8,2
120,1
6,1
8,2
134,1
6,1
8,2
130,1
7,1
8,2
136,1
7,1
10,2
134,1
6,1
8,2
111,1
6,1
7,2
204,1
9,1
12,2
129,1
7,1
10,2
184,1
9,1
13,2
147,1
8,1
10,2
149,1
9,1
11,2
131,1
8,1
9,2
123,1
6,1
8,2
120,1
6,1
8,2
146,1
8,1
10,2
118,1
6,1
8,2
646,1
31,1
125,2
134,1
8,1
10,2
152,1
15,1
11,2
138,1
7,1
10,2
118,1
6,1
7,2
135,1
8,1
10,2
122,1
6,1
8,2
366,1
11,1
28,2
135,1
6,1
9,2
124,1
7,1
9,2
117,1
7,1
8,2
132,1
6,1
9,2
155,1
6,1
8,2
119,1
6,1
8,2
