134,1
7,1
11,2
126,1
7,1
9,2
133,1
8,1
9,2
194,1
8,1
12,2
270,1
15,1
26,2
132,1
7,1
9,2
217,1
12,1
19,2
131,1
19,1
26,2
124,1
6,1
7,2
143,1
8,1
10,2
124,1
6,1
9,2
130,1
8,1
10,2
129,1
8,1
9,2
273,1
15,1
31,2
149,1
8,1
11,2
133,1
8,1
9,2
145,1
8,1
11,2
134,1
7,1
10,2
149,1
8,1
10,2
145,1
11,1
10,2
148,1
8,1
10,2
139,1
10,1
12,2
132,1
7,1
8,2
411,1
14,1
40,2
132,1
7,1
10,2
259,1
102,1
52,2
198,1
9,1
12,2
141,1
7,1
10,2
140,1
8,1
9,2
162,1
7,1
9,2
123,1
7,1
9,2
132,1
8,1
10,2
139,1
8,1
10,2
240,1
58,1
20,2
120,1
6,1
8,2
137,1
7,1
9,2
118,1
6,1
8,2
148,1
7,1
9,2
119,1
6,1
8,2
148,1
9,1
12,2
134,1
7,1
10,2
349,1
12,1
15,2
120,1
6,1
8,2
289,1
18,1
30,2
123,1
7,1
8,2
126,1
6,1
7,2
130,1
6,1
9,2
139,1
8,1
10,2
138,1
7,1
9,2
122,1
6,1
8,2
147,1
7,1
10,2
133,1
8,1
11,2
135,1
6,1
22,2
138,1
7,1
10,2
124,1
6,1
7,2
140,1
8,1
10,2
130,1
6,1
8,2
138,1
6,1
8,2
131,1
8,1
10,2
162,1
8,1
10,2
278,1
13,1
27,2
130,1
7,1
9,2
135,1
8,1
10,2
167,1
7,1
9,2
131,1
7,1
9,2
144,1
8,1
10,2
126,1
7,1
9,2
120,1
6,1
7,2
144,1
8,1
11,2
151,1
7,1
9,2
121,1
6,1
8,2
146,1
8,1
11,2
132,1
7,1
9,2
167,1
25,1
53,2
138,1
7,1
10,2
129,1
7,1
9,2
128,1
7,1
9,2
140,1
8,1
10,2
147,1
7,1
17,2
135,1
8,1
10,2
125,1
7,1
9,2
139,1
7,1
10,2
146,1
7,1
9,2
139,1
7,1
9,2
147,1
8,1
11,2
142,1
8,1
10,2
129,1
6,1
7,2
144,1
8,1
10,2
145,1
8,1
10,2
238,1
10,1
13,2
134,1
7,1
10,2
224,1
8,1
13,2
114,1
6,1
8,2
165,1
10,1
12,2
134,1
6,1
9,2
124,1
6,1
8,2
163,1
8,1
11,2
131,1
7,1
8,2
165,1
26,1
49,2
134,1
7,1
9,2
