176,2
10,2
10,4
166,2
7,2
10,4
155,2
8,2
8,4
224,2
10,2
13,4
236,2
8,2
13,4
158,2
7,2
8,4
155,2
7,2
9,4
176,2
7,2
26,4
265,2
23,2
15,4
237,2
9,2
11,4
278,2
25,2
14,4
165,2
8,2
8,4
158,2
6,2
8,4
169,2
6,2
8,4
163,2
6,2
9,4
168,2
6,2
8,4
165,2
6,2
8,4
155,2
6,2
8,4
161,2
7,2
9,4
176,2
7,2
10,4
161,2
7,2
9,4
244,2
7,2
14,4
154,2
6,2
8,4
150,2
7,2
8,4
207,2
9,2
14,4
240,2
11,2
17,4
226,2
13,2
19,4
235,2
11,2
14,4
177,2
9,2
11,4
163,2
9,2
9,4
159,2
7,2
10,4
168,2
8,2
10,4
205,2
18,2
28,4
490,2
33,2
62,4
169,2
7,2
9,4
173,2
10,2
11,4
293,2
9,2
12,4
151,2
7,2
8,4
150,2
6,2
10,4
148,2
6,2
8,4
161,2
7,2
16,4
175,2
8,2
10,4
179,2
7,2
10,4
151,2
6,2
10,4
157,2
8,2
11,4
302,2
14,2
24,4
154,2
6,2
8,4
189,2
10,2
12,4
158,2
6,2
8,4
169,2
8,2
11,4
161,2
7,2
10,4
229,2
12,2
15,4
168,2
8,2
9,4
213,2
11,2
12,4
155,2
6,2
8,4
486,2
56,2
38,4
152,2
8,2
8,4
582,2
14,2
20,4
155,2
6,2
8,4
154,2
6,2
8,4
164,2
7,2
10,4
158,2
7,2
9,4
239,2
7,2
9,4
199,2
7,2
13,4
197,2
7,2
9,4
156,2
7,2
8,4
155,2
6,2
10,4
252,2
7,2
10,4
167,2
7,2
9,4
192,2
8,2
11,4
155,2
6,2
9,4
148,2
6,2
8,4
266,2
7,2
9,4
191,2
7,2
17,4
160,2
8,2
9,4
176,2
8,2
11,4
161,2
7,2
9,4
194,2
10,2
12,4
167,2
7,2
10,4
259,2
11,2
14,4
172,2
8,2
9,4
166,2
7,2
10,4
163,2
6,2
9,4
150,2
6,2
8,4
138,2
9,2
33,4
177,2
8,2
11,4
165,2
6,2
7,4
149,2
6,2
8,4
158,2
7,2
9,4
192,2
10,2
13,4
168,2
7,2
10,4
173,2
9,2
11,4
153,2
7,2
8,4
229,2
7,2
11,4
153,2
6,2
8,4
192,2
8,2
11,4
329,2
7,2
11,4
178,2
7,2
11,4
157,2
8,2
11,4
176,2
8,2
10,4
