173,2
9,2
9,2
178,2
16,2
9,2
157,2
9,2
8,2
245,2
10,2
12,2
158,2
8,2
8,2
159,2
8,2
8,2
164,2
8,2
9,2
175,2
9,2
10,2
159,2
8,2
8,2
190,2
12,2
11,2
171,2
8,2
10,4
170,2
8,2
11,4
200,2
8,2
9,4
156,2
7,2
9,4
169,2
8,2
10,4
162,2
7,2
8,4
157,2
7,2
8,4
151,2
6,2
8,4
152,2
7,2
9,4
157,2
7,2
9,4
169,2
10,2
11,4
212,2
10,2
12,4
196,2
12,2
10,4
176,2
11,2
12,4
161,2
9,2
8,4
161,2
8,2
8,4
238,2
11,2
13,4
190,2
11,2
11,4
174,2
9,2
9,4
158,2
9,2
8,4
204,2
11,2
13,4
175,2
10,2
11,4
168,2
10,2
10,4
158,2
8,2
8,4
177,2
11,2
8,4
203,2
9,2
8,4
151,2
9,2
9,4
156,2
10,2
7,4
152,2
8,2
8,4
161,2
8,2
8,4
205,3
7,3
11,4
237,3
9,3
13,4
211,3
6,3
11,4
276,3
8,3
20,4
264,3
8,3
12,4
209,3
6,3
11,4
282,3
9,3
16,4
217,3
8,3
10,4
217,3
8,3
12,4
254,3
8,3
12,4
173,2
7,2
11,4
187,2
10,2
11,4
173,2
7,2
10,4
198,2
8,2
11,4
158,2
6,2
8,4
182,2
9,2
11,4
174,2
8,2
11,4
174,2
9,2
10,4
161,2
7,2
10,4
153,2
7,2
8,4
188,2
9,2
10,4
223,2
24,2
20,4
200,2
10,2
9,4
406,2
28,2
33,4
371,2
14,2
17,4
159,2
8,2
8,4
476,2
33,2
36,4
185,2
11,2
11,4
170,2
11,2
10,4
172,2
10,2
10,4
167,2
8,2
9,4
172,2
8,2
10,4
182,2
9,2
11,4
348,2
12,2
23,4
157,2
7,2
8,4
216,2
8,2
11,4
156,2
6,2
8,4
196,2
8,2
10,4
173,2
6,2
9,4
159,2
7,2
9,4
206,3
6,3
10,4
201,3
6,3
10,4
204,3
6,3
10,4
385,3
12,3
20,4
227,3
7,3
10,4
283,3
10,3
16,4
346,3
17,3
59,4
233,3
9,3
13,4
217,3
6,3
11,4
209,3
7,3
10,4
211,3
6,3
10,4
237,3
9,3
13,4
218,3
7,3
13,4
222,3
7,3
12,4
205,3
7,3
10,4
218,3
8,3
11,4
210,3
7,3
11,4
210,3
7,3
11,4
200,3
7,3
11,4
304,3
7,3
12,4
