265,3
10,3
10,6
279,3
17,3
30,6
256,3
9,3
12,6
254,3
9,3
11,6
235,3
7,3
8,6
314,3
8,3
11,6
239,3
7,3
11,6
223,3
7,3
9,6
238,3
8,3
9,6
222,3
7,3
9,6
375,3
8,3
13,4
216,3
7,3
9,4
234,3
7,3
9,4
220,3
9,3
8,4
235,3
8,3
11,4
231,3
7,3
10,4
229,3
8,3
10,4
391,3
13,3
17,4
228,3
7,3
9,4
215,3
7,3
9,4
224,3
8,3
8,4
240,3
8,3
9,4
291,3
8,3
10,4
239,3
7,3
8,4
247,3
7,3
10,4
244,3
8,3
8,4
375,3
15,3
22,4
230,3
8,3
9,4
226,3
8,3
9,4
223,3
7,3
10,4
219,3
7,3
8,4
242,3
9,3
10,4
260,3
7,3
9,4
395,3
94,3
74,4
262,3
10,3
11,4
650,3
28,3
38,4
250,3
9,3
11,4
235,3
9,3
10,4
249,3
8,3
11,4
249,3
9,3
10,4
445,3
10,3
26,4
333,3
7,3
10,4
424,3
15,3
28,4
324,3
8,3
11,4
623,3
16,3
37,4
360,3
8,3
10,4
374,3
7,3
10,4
285,3
7,3
9,4
304,3
9,3
11,4
306,3
9,3
11,4
281,3
9,3
11,6
359,3
10,3
14,6
319,3
8,3
11,6
426,3
23,3
20,6
265,3
8,3
9,6
297,3
9,3
13,6
266,3
8,3
9,6
406,3
11,3
13,6
377,3
10,3
13,6
294,3
15,3
74,6
244,3
9,3
12,4
226,3
7,3
10,4
291,3
12,3
13,4
223,3
7,3
10,4
241,3
7,3
8,4
225,3
9,3
9,4
229,3
9,3
10,4
258,3
10,3
12,4
224,3
8,3
10,4
224,3
8,3
9,4
463,3
8,3
11,6
345,3
9,3
12,6
240,3
9,3
10,6
297,3
12,3
303,6
364,3
9,3
11,6
231,3
16,3
10,6
249,3
8,3
10,6
215,3
7,3
10,6
228,3
7,3
8,6
247,3
7,3
9,6
239,3
8,3
11,6
282,3
9,3
12,6
234,3
7,3
11,6
265,3
8,3
9,6
241,3
7,3
10,6
232,3
7,3
9,6
229,3
8,3
9,6
258,3
9,3
11,6
295,3
10,3
12,6
254,3
8,3
11,6
233,3
8,3
10,6
244,3
9,3
12,6
241,3
8,3
10,6
219,3
7,3
9,6
422,3
17,3
23,6
239,3
9,3
10,6
229,3
9,3
10,6
437,3
20,3
31,6
221,3
7,3
8,6
293,3
10,3
14,6
