231,3
8,3
10,6
246,3
10,3
13,6
254,3
8,3
12,6
219,3
7,3
9,6
440,3
16,3
20,6
247,3
7,3
9,6
273,3
15,3
10,6
378,3
12,3
18,6
234,3
11,3
13,6
272,3
33,3
54,6
326,3
12,3
15,4
231,3
8,3
9,4
251,3
7,3
10,4
246,3
8,3
9,4
248,3
7,3
9,4
415,3
18,3
21,4
264,3
8,3
10,4
255,3
8,3
11,4
238,3
7,3
9,4
235,3
8,3
9,4
711,4
27,4
28,6
441,4
8,4
10,6
607,4
14,4
22,6
438,4
7,4
10,6
507,4
10,4
13,6
449,4
9,4
9,6
471,4
8,4
11,6
456,4
8,4
10,6
450,4
8,4
9,6
485,4
8,4
12,6
299,3
9,3
12,4
312,3
9,3
11,4
271,3
10,3
11,4
246,3
8,3
10,4
242,3
9,3
11,4
239,3
8,3
10,4
236,3
7,3
8,4
237,3
12,3
15,4
347,3
13,3
15,4
236,3
8,3
11,4
485,4
8,4
12,4
550,4
8,4
13,4
484,4
9,4
12,4
515,4
10,4
15,4
457,4
7,4
10,4
564,4
12,4
18,4
493,4
8,4
11,4
512,4
9,4
12,4
502,4
9,4
9,4
528,4
8,4
10,4
282,3
9,3
13,6
242,3
8,3
11,6
323,3
16,3
71,6
247,3
8,3
10,6
251,3
8,3
10,6
779,3
33,3
44,6
246,3
8,3
10,6
238,3
11,3
10,6
239,3
7,3
10,6
249,3
9,3
11,6
958,4
26,4
132,6
507,4
8,4
10,6
705,4
21,4
48,6
513,4
9,4
11,6
520,4
9,4
14,6
501,4
7,4
10,6
490,4
9,4
12,6
638,4
14,4
22,6
536,4
11,4
15,6
501,4
8,4
11,6
183,2
9,2
11,4
244,2
8,2
11,4
163,2
7,2
9,4
169,2
7,2
10,4
164,2
7,2
8,4
185,2
8,2
10,4
206,2
11,2
12,4
176,2
8,2
10,4
248,2
11,2
12,4
201,2
11,2
11,4
249,3
8,3
11,6
256,3
9,3
11,6
254,3
9,3
9,6
263,3
7,3
11,6
280,3
15,3
13,6
267,3
9,3
11,6
281,3
9,3
12,6
263,3
8,3
10,6
278,3
12,3
19,6
443,3
43,3
69,6
350,3
18,3
26,6
353,3
11,3
17,6
529,3
9,3
13,6
259,3
10,3
11,6
252,3
7,3
11,6
260,3
9,3
10,6
247,3
8,3
9,6
323,3
9,3
11,6
300,3
9,3
10,6
289,3
10,3
11,6
