487,4
11,4
17,6
524,4
9,4
11,6
500,4
9,4
12,6
537,4
10,4
13,6
848,4
10,4
15,6
671,4
91,4
43,6
507,4
13,4
18,6
990,4
19,4
31,6
468,4
9,4
11,6
508,4
9,4
11,6
974,4
9,4
12,6
992,4
10,4
12,6
1445,4
83,4
72,6
1057,4
11,4
19,6
1283,4
29,4
57,6
999,4
9,4
12,6
1943,4
18,4
52,6
1013,4
9,4
11,6
1003,4
9,4
13,6
1032,4
10,4
12,6
591,4
11,4
12,8
632,4
17,4
14,8
599,4
12,4
10,8
667,4
11,4
12,8
632,4
37,4
57,8
609,4
12,4
12,8
628,4
13,4
13,8
624,4
12,4
12,8
675,4
11,4
14,8
581,4
12,4
12,8
1122,4
9,4
12,6
1082,4
9,4
13,6
1113,4
9,4
14,6
1083,4
8,4
11,6
1411,4
26,4
61,6
1103,4
10,4
15,6
1498,4
37,4
63,6
1066,4
8,4
10,6
1089,4
9,4
12,6
1081,4
9,4
14,6
929,4
10,4
13,8
966,4
9,4
12,8
1074,4
18,4
42,8
911,4
11,4
19,8
926,4
9,4
11,8
941,4
9,4
11,8
945,4
9,4
11,8
913,4
8,4
10,8
890,4
8,4
10,8
973,4
9,4
13,8
526,4
8,4
11,6
527,4
14,4
12,6
577,4
10,4
13,6
498,4
9,4
12,6
550,4
10,4
11,6
479,4
8,4
10,6
749,4
11,4
15,6
479,4
9,4
11,6
703,4
13,4
18,6
524,4
10,4
12,6
898,4
9,4
12,6
820,4
9,4
13,6
843,4
9,4
13,6
918,4
10,4
16,6
895,4
10,4
14,6
893,4
10,4
12,6
1299,4
20,4
53,6
846,4
9,4
12,6
1254,4
25,4
84,6
869,4
22,4
14,6
700,4
23,4
31,8
514,4
11,4
10,8
734,4
23,4
30,8
545,4
12,4
12,8
557,4
11,4
11,8
804,4
24,4
37,8
571,4
13,4
12,8
554,4
11,4
11,8
514,4
10,4
10,8
858,4
24,4
30,8
838,4
9,4
12,6
935,4
9,4
13,6
860,4
9,4
13,6
879,4
9,4
13,6
1319,4
27,4
44,6
854,4
10,4
13,6
1172,4
19,4
35,6
827,4
9,4
13,6
868,4
10,4
13,6
898,4
10,4
12,6
459,4
8,4
12,6
522,4
9,4
13,6
418,4
7,4
10,6
425,4
7,4
9,6
428,4
9,4
10,6
449,4
9,4
11,6
806,4
18,4
37,6
420,4
8,4
9,6
453,4
9,4
11,6
429,4
8,4
12,6
