866,4
9,4
11,8
857,4
11,4
15,8
788,4
11,4
13,8
857,4
11,4
20,8
831,4
15,4
242,8
819,4
8,4
13,8
1149,4
19,4
120,8
800,4
9,4
13,8
862,4
9,4
12,8
878,4
10,4
12,8
566,4
13,4
13,6
513,4
11,4
12,6
491,4
10,4
11,6
936,4
21,4
32,6
1000,4
21,4
50,6
625,4
16,4
19,6
480,4
10,4
10,6
486,4
10,4
11,6
519,4
12,4
12,6
533,4
12,4
12,6
638,4
12,4
15,6
518,4
11,4
12,6
495,4
10,4
10,6
493,4
15,4
16,6
493,4
12,4
12,6
899,4
26,4
31,6
490,4
11,4
12,6
470,4
10,4
10,6
511,4
10,4
10,6
568,4
13,4
13,6
557,4
11,5
13,6
624,4
20,5
21,6
490,4
10,5
10,6
663,4
19,5
22,6
482,4
10,5
10,6
537,4
10,5
10,6
692,4
33,5
40,6
717,4
24,5
24,6
529,4
12,5
13,6
546,4
12,5
11,6
1109,4
11,4
14,8
859,4
9,4
13,8
1022,4
17,4
34,8
852,4
10,4
13,8
1423,4
15,4
33,8
807,4
9,4
11,8
1170,4
21,4
57,8
799,4
9,4
14,8
799,4
8,4
12,8
879,4
13,4
12,8
2291,5
9,5
13,8
2724,5
20,5
46,8
2291,5
11,5
20,8
4147,5
29,5
215,8
2357,5
11,5
17,8
2594,5
16,5
28,8
2395,5
16,5
40,8
2250,5
8,5
11,8
2317,5
9,5
14,8
2335,5
14,5
32,8
6797,5
20,6
62,8
6036,5
49,6
28,8
5815,5
12,6
31,8
6682,5
14,6
40,8
7282,5
13,6
37,8
6351,5
15,6
39,8
5698,5
14,6
43,8
5816,5
18,6
39,8
5770,5
17,6
28,8
5880,5
23,6
34,8
2576,5
12,5
30,8
3479,5
14,5
126,8
2629,5
9,5
17,8
3204,5
44,5
108,8
2661,5
11,5
19,8
2879,5
28,5
31,8
2552,5
8,5
14,8
2653,5
12,5
18,8
2532,5
9,5
15,8
2562,5
11,5
30,8
3218,5
16,5
34,8
3865,5
17,5
74,8
3271,5
17,5
47,8
3340,5
10,5
14,8
3115,5
11,5
19,8
4026,5
25,5
38,8
3746,5
10,5
22,8
3202,5
10,5
21,8
3159,5
9,5
20,8
3150,5
9,5
17,8
2046,5
10,5
34,8
2153,5
22,5
46,8
2076,5
12,5
24,8
2310,5
55,5
29,8
2226,5
9,5
16,8
2413,5
25,5
45,8
2303,5
10,5
32,8
2031,5
9,5
14,8
2102,5
10,5
16,8
1968,5
11,5
34,8
