13,5
76,8
14,5
37,8
10,5
32,8
11,5
33,8
15,5
44,8
10,5
31,8
11,5
33,8
11,5
35,8
11,5
33,8
11,5
32,8
11,5
32,8
11,5
30,8
11,5
30,8
33,5
58,8
10,5
30,8
62,5
31,8
17,5
30,8
12,5
34,8
14,5
40,8
11,5
32,8
11,5
33,8
10,5
31,8
20,5
54,8
21,5
56,8
29,5
103,8
14,5
34,8
12,5
28,8
13,5
35,8
16,5
40,8
60,5
47,8
15,6
40,8
16,6
51,8
23,6
104,8
16,6
43,8
14,6
37,8
14,6
36,8
12,6
34,8
10,6
34,8
12,6
35,8
11,6
35,8
11,5
29,8
12,5
40,8
14,5
41,8
11,5
34,8
11,5
34,8
10,5
32,8
11,5
30,8
15,5
92,8
11,5
39,8
11,5
32,8
16,5
51,10
16,5
40,10
11,5
32,10
10,5
40,10
11,5
31,10
12,5
32,10
11,5
32,10
10,5
34,10
12,5
32,10
11,5
32,10
11,5
30,8
14,5
43,8
15,5
46,8
14,5
41,8
114,5
40,8
10,5
31,8
18,5
50,8
10,5
29,8
14,5
40,8
13,5
36,8
11,5
38,8
11,5
30,8
11,5
32,8
12,5
32,8
11,5
32,8
10,5
34,8
13,5
37,8
11,5
32,8
11,5
30,8
11,5
31,8
14,5
40,8
18,5
52,8
11,5
31,8
29,5
147,8
15,5
52,8
11,5
32,8
16,5
44,8
13,5
37,8
11,5
36,8
10,5
30,8
11,5
30,8
12,5
43,8
13,5
37,8
11,5
33,8
11,5
63,8
14,5
35,8
13,5
41,8
14,5
36,8
11,5
32,8
14,5
35,8
