16,9
36,14
16,9
41,14
17,9
39,14
15,9
34,14
16,9
34,14
15,9
31,14
16,9
36,14
53,9
46,14
16,9
38,14
15,9
34,14
15,7
34,14
15,7
32,14
14,7
34,14
24,7
64,14
16,7
39,14
16,7
43,14
14,7
33,14
14,7
36,14
15,7
35,14
14,7
35,14
14,8
32,12
18,8
43,12
16,8
32,12
15,8
35,12
14,8
34,12
15,8
35,12
14,8
31,12
15,8
34,12
15,8
32,12
14,8
32,12
97,7
37,12
23,7
49,12
15,7
34,12
21,7
68,12
14,7
35,12
17,7
38,12
15,7
35,12
20,7
52,12
16,7
40,12
15,7
37,12
16,9
36,12
21,9
35,12
15,9
34,12
19,9
48,12
15,9
39,12
16,9
40,12
15,9
36,12
19,9
40,12
15,9
35,12
20,9
40,12
14,8
34,12
16,8
36,12
23,8
47,12
23,8
49,12
17,8
37,12
38,8
62,12
17,8
35,12
18,8
45,12
21,8
48,12
15,8
40,12
15,8
34,12
21,8
40,12
99,8
50,12
17,8
36,12
16,8
37,12
38,8
112,12
19,8
41,12
24,8
46,12
16,8
34,12
20,8
46,12
19,9
41,12
22,9
156,12
18,9
42,12
15,9
36,12
15,9
34,12
16,9
35,12
15,9
56,12
16,9
34,12
15,9
35,12
20,9
44,12
20,9
45,12
20,9
45,12
20,9
43,12
24,9
52,12
17,9
34,12
41,9
73,12
19,9
43,12
19,9
45,12
19,9
40,12
19,9
45,12
24,9
55,12
43,9
44,12
16,9
36,12
25,9
53,12
15,9
33,12
24,9
83,12
15,9
33,12
16,9
31,12
15,9
33,12
40,9
67,12
