35,15
66,22
24,15
43,22
51,15
53,22
34,15
61,22
34,15
55,22
29,15
50,22
47,15
83,22
25,15
43,22
28,15
48,22
28,15
47,22
24,13
45,22
100,13
82,22
31,13
52,22
27,13
48,22
29,13
42,22
70,13
57,22
28,13
48,22
52,13
91,22
147,13
53,22
24,13
44,22
25,16
50,22
57,16
90,22
30,16
42,22
24,16
41,22
24,16
45,22
24,16
41,22
25,16
41,22
25,16
46,22
27,16
43,22
27,16
52,22
24,13
50,20
26,13
45,20
50,13
52,20
31,13
43,20
24,13
43,20
23,13
41,20
24,13
42,20
25,13
50,20
24,13
46,20
24,13
40,20
25,15
46,22
39,15
131,22
24,15
40,22
26,15
48,22
27,15
70,22
29,15
114,22
28,15
49,22
24,15
44,22
26,15
77,22
27,15
47,22
28,15
51,22
31,15
85,22
31,15
51,22
24,15
46,22
23,15
39,22
26,15
47,22
24,15
42,22
41,15
76,22
24,15
40,22
23,15
40,22
27,15
93,22
24,15
40,22
25,15
43,22
25,15
45,22
28,15
49,22
24,15
43,22
25,15
53,22
25,15
43,22
23,15
40,22
24,15
40,22
28,14
47,20
24,14
43,20
23,14
43,20
25,14
49,20
28,14
50,20
29,14
49,20
26,14
44,20
24,14
46,20
25,14
43,20
24,14
47,20
24,14
40,22
24,14
42,22
24,14
41,22
36,14
72,22
25,14
48,22
23,14
41,22
32,14
59,22
30,14
53,22
24,14
41,22
33,14
58,22
50,14
76,22
23,14
41,22
24,14
42,22
23,14
43,22
30,14
51,22
28,14
50,22
27,14
48,22
26,14
45,22
111,14
51,22
24,14
41,22
