20,10
37,18
22,10
36,18
25,10
48,18
24,10
49,18
21,10
39,18
19,10
36,18
24,10
51,18
31,10
44,18
19,10
40,18
40,10
45,18
23,12
43,16
24,12
36,16
21,12
40,16
27,12
42,16
38,12
50,16
35,12
38,16
22,12
39,16
28,12
42,16
27,12
41,16
23,12
44,16
22,12
41,18
23,12
47,18
53,12
41,18
25,12
42,18
20,12
41,18
19,12
37,18
32,12
70,18
31,12
48,18
27,12
43,18
19,12
37,18
21,12
41,18
28,12
53,18
26,12
46,18
97,12
18,18
177,12
94,18
50,12
47,18
64,12
51,18
96,12
18,18
20,12
36,18
48,12
80,18
21,12
39,18
76,12
173,18
26,12
55,18
21,12
40,18
27,12
47,18
20,12
43,18
26,12
46,18
21,12
39,18
21,12
39,18
28,12
51,18
23,11
45,14
19,11
35,14
55,11
65,14
19,11
35,14
23,11
43,14
21,11
37,14
19,11
36,14
22,11
43,14
30,11
61,14
20,11
35,14
20,12
35,18
26,12
45,18
23,12
36,18
20,12
38,18
27,12
48,18
27,12
55,18
32,12
51,18
20,12
36,18
28,12
55,18
24,12
45,18
24,11
41,16
39,11
67,16
26,11
48,16
21,11
38,16
20,11
40,16
27,11
276,16
25,11
44,16
20,11
37,16
22,11
41,16
19,11
41,16
23,10
75,18
20,10
39,18
19,10
36,18
22,10
40,18
19,10
39,18
19,10
36,18
23,10
41,18
19,10
38,18
20,10
39,18
22,10
87,18
20,13
37,18
20,13
37,18
21,13
38,18
24,13
42,18
58,13
64,18
22,13
55,18
21,13
39,18
41,13
71,18
20,13
36,18
20,13
40,18
