30,18
49,28
36,18
52,28
35,18
53,28
30,18
51,28
31,18
46,28
42,18
114,28
32,18
49,28
34,18
52,28
32,18
50,28
32,18
47,28
37,19
50,28
30,19
45,28
32,19
51,28
33,19
51,28
31,19
47,28
30,19
45,28
33,19
48,28
43,19
133,28
30,19
49,28
33,19
53,28
34,18
44,28
37,18
82,28
30,18
46,28
29,18
45,28
47,18
159,28
31,18
46,28
43,18
67,28
46,18
65,28
31,18
46,28
36,18
59,28
33,18
48,26
30,18
47,26
35,18
57,26
42,18
68,26
41,18
76,26
30,18
53,26
37,18
52,26
30,18
47,26
40,18
67,26
32,18
54,26
32,18
50,28
42,18
64,28
33,18
60,28
38,18
59,28
35,18
51,28
32,18
47,28
36,18
52,28
32,18
47,28
32,18
53,28
37,18
53,28
30,17
45,26
47,17
85,26
35,17
54,26
43,17
48,26
30,17
44,26
31,17
46,26
31,17
63,26
36,17
56,26
31,17
48,26
38,17
52,26
31,19
44,28
56,19
111,28
34,19
51,28
87,19
77,28
36,19
59,28
32,19
48,28
38,19
51,28
32,19
46,28
31,19
46,28
34,19
51,28
40,20
51,30
34,20
49,30
61,20
183,30
32,20
61,30
32,20
48,30
35,20
50,30
31,20
47,30
45,20
49,30
49,20
45,30
58,20
25,30
177,18
128,28
149,18
96,28
86,18
90,28
80,18
63,28
31,18
48,28
30,18
50,28
30,18
46,28
33,18
48,28
32,18
50,28
42,18
69,28
31,18
44,28
34,18
48,28
36,18
134,28
34,18
50,28
31,18
47,28
55,18
98,28
40,18
48,28
31,18
46,28
35,18
52,28
32,18
53,28
