38,22
55,34
106,22
327,34
55,22
81,34
37,22
52,34
44,22
57,34
37,22
55,34
52,22
74,34
162,22
79,34
45,22
69,34
48,22
69,34
45,23
69,28
41,23
66,28
45,23
57,28
38,23
56,28
74,23
90,28
36,23
59,28
41,23
55,28
36,23
53,28
50,23
67,28
128,23
58,28
39,22
55,32
37,22
54,32
45,22
69,32
36,22
52,32
42,22
59,32
47,22
59,32
36,22
53,32
62,22
56,32
44,22
60,32
38,22
63,32
42,22
71,34
50,22
66,34
49,22
58,34
95,22
65,34
52,22
90,34
47,22
71,34
51,22
66,34
45,22
71,34
49,22
66,34
38,22
58,34
45,22
73,32
40,22
51,32
36,22
58,32
46,22
71,32
49,22
72,32
59,22
307,32
36,22
50,32
46,22
58,32
39,22
53,32
43,22
55,32
40,22
68,32
51,22
69,32
65,22
141,32
45,22
63,32
69,22
109,32
38,22
85,32
51,22
77,32
39,22
53,32
40,22
59,32
50,22
79,32
36,22
62,32
36,22
51,32
37,22
56,32
35,22
50,32
40,22
57,32
47,22
348,32
38,22
72,32
40,22
50,32
51,22
66,32
41,22
51,32
44,23
68,34
40,23
63,34
38,23
81,34
39,23
59,34
69,23
130,34
35,23
52,34
41,23
57,34
42,23
67,34
36,23
52,34
40,23
59,34
39,21
54,32
37,21
59,32
43,21
102,32
42,21
53,32
39,21
59,32
169,21
70,32
39,21
72,32
74,21
78,32
38,21
67,32
44,21
56,32
36,21
56,30
53,21
91,30
39,21
56,30
156,21
83,30
43,21
65,30
40,21
63,30
43,21
64,30
36,21
51,30
42,21
59,30
41,21
59,30
