47,28
66,36
62,28
70,36
53,28
68,36
64,28
81,36
52,28
66,36
48,28
54,36
56,28
81,36
54,28
60,36
49,28
62,36
50,28
60,36
54,25
72,36
169,25
197,36
48,25
64,36
46,25
58,36
46,25
60,36
51,25
83,36
54,25
70,36
55,25
69,36
50,25
67,36
50,25
66,36
55,26
66,36
47,26
62,36
64,26
88,36
64,26
113,36
126,26
60,36
75,26
68,36
56,26
73,36
45,26
57,36
51,26
75,36
54,26
88,36
61,23
79,34
51,23
77,34
53,23
96,34
49,23
69,34
49,23
66,34
53,23
62,34
53,23
65,34
49,23
83,34
50,23
62,34
51,23
70,34
54,23
66,36
54,23
58,36
52,23
72,36
49,23
61,36
46,23
63,36
44,23
58,36
50,23
69,36
53,23
72,36
88,23
63,36
49,23
67,36
53,23
63,34
67,23
58,34
48,23
63,34
47,23
62,34
45,23
57,34
50,23
72,34
52,23
73,34
50,23
60,34
44,23
57,34
54,23
69,34
52,24
66,36
55,24
72,36
62,24
82,36
57,24
69,36
65,24
91,36
46,24
62,36
63,24
83,36
52,24
81,36
45,24
60,36
45,24
61,36
48,24
65,36
134,24
126,36
47,24
64,36
50,24
67,36
58,24
69,36
48,24
61,36
47,24
67,36
57,24
71,36
118,24
64,36
82,24
148,36
46,26
63,36
53,26
64,36
52,26
74,36
46,26
63,36
44,26
57,36
73,26
185,36
45,26
60,36
47,26
76,36
51,26
72,36
45,26
77,36
45,26
57,36
91,26
58,36
47,26
62,36
114,26
262,36
44,26
57,36
61,26
142,36
51,26
67,36
136,26
77,36
46,26
58,36
62,26
76,36
