55,29
73,42
55,29
67,42
57,29
72,42
69,29
94,42
61,29
70,42
77,29
141,42
61,29
69,42
64,29
87,42
61,29
103,42
54,29
78,42
57,30
65,42
67,30
102,42
52,30
68,42
63,30
91,42
56,30
74,42
66,30
93,42
61,30
72,42
485,30
71,42
150,30
107,42
114,30
44,42
89,30
66,40
53,30
63,40
58,30
71,40
54,30
65,40
53,30
62,40
54,30
63,40
54,30
64,40
59,30
72,40
53,30
64,40
58,30
62,40
76,27
77,42
55,27
71,42
52,27
65,42
56,27
70,42
54,27
68,42
127,27
70,42
52,27
62,42
52,27
65,42
53,27
180,42
52,27
67,42
58,28
68,40
57,28
66,40
54,28
74,40
67,28
85,40
103,28
261,40
69,28
85,40
51,28
66,40
152,28
88,40
51,28
65,40
51,28
65,40
56,29
67,44
59,29
74,44
54,29
64,44
58,29
75,44
53,29
66,44
73,29
94,44
53,29
65,44
52,29
65,44
53,29
67,44
54,29
67,44
59,28
66,42
53,28
67,42
54,28
65,42
53,28
70,42
58,28
81,42
53,28
128,42
55,28
84,42
52,28
64,42
56,28
83,42
52,28
63,42
52,29
64,40
60,29
205,40
131,29
86,40
55,29
76,40
51,29
70,40
69,29
89,40
51,29
66,40
55,29
74,40
52,29
64,40
52,29
66,40
62,30
63,40
55,30
71,40
70,30
90,40
76,30
96,40
70,30
71,40
67,30
87,40
87,30
122,40
55,30
70,40
53,30
65,40
56,30
72,40
62,31
74,44
54,31
70,44
54,31
66,44
72,31
68,44
54,31
65,44
59,31
71,44
54,31
67,44
60,31
75,44
56,31
68,44
71,31
67,44
