25,2
77,4
9,2
31,4
23,2
32,4
9,2
31,4
10,2
36,4
9,2
29,4
9,2
38,4
19,2
78,4
12,2
34,4
9,2
38,4
14,2
43,2
10,2
33,2
9,2
39,2
9,2
34,2
14,2
45,2
9,2
29,2
13,2
40,2
12,2
36,2
10,2
32,2
9,2
30,2
13,2
36,4
14,2
49,4
97,2
35,4
10,2
34,4
13,2
30,4
15,2
56,4
10,2
33,4
9,2
32,4
33,2
29,4
28,2
36,4
13,2
35,4
9,2
28,4
11,2
37,4
12,2
35,4
13,2
38,4
13,2
40,4
41,2
116,4
23,2
40,4
13,2
42,4
12,2
39,4
13,2
29,4
15,2
50,4
12,2
38,4
62,2
39,4
13,2
63,4
12,2
47,4
10,2
31,4
15,2
66,4
11,2
33,4
15,2
40,4
9,3
26,4
17,3
72,4
9,3
29,4
14,3
56,4
10,3
43,4
24,3
61,4
12,3
38,4
20,3
70,4
9,3
29,4
9,3
28,4
10,2
45,4
30,2
67,4
14,2
38,4
20,2
63,4
28,2
35,4
9,2
28,4
69,2
30,4
9,2
30,4
9,2
29,4
9,2
31,4
14,2
44,4
10,2
30,4
11,2
35,4
10,2
32,4
8,2
29,4
9,2
32,4
10,2
40,4
8,2
27,4
9,2
34,4
25,2
56,4
8,2
28,4
12,2
35,4
10,2
30,4
9,2
29,4
10,2
33,4
9,2
29,4
16,2
39,4
22,2
31,4
63,2
9,4
40,2
38,4
41,3
8,4
71,3
12,4
47,3
8,4
12,3
36,4
10,3
29,4
9,3
28,4
10,3
30,4
10,3
31,4
11,3
29,4
11,3
33,4
