85,33
112,48
84,33
164,48
64,33
78,48
107,33
162,48
68,33
85,48
86,33
71,48
206,33
884,48
62,33
78,48
63,33
72,48
94,33
125,48
65,36
75,46
103,36
106,46
75,36
110,46
81,36
91,46
66,36
76,46
64,36
72,46
97,36
127,46
63,36
71,46
139,36
72,46
66,36
75,46
60,32
70,48
70,32
72,48
61,32
73,48
65,32
75,48
61,32
72,48
109,32
167,48
63,32
73,48
63,32
77,48
87,32
73,48
80,32
141,48
64,33
72,46
67,33
77,46
63,33
72,46
62,33
75,46
63,33
71,46
108,33
156,46
62,33
71,46
84,33
183,46
62,33
72,46
79,33
73,46
68,34
83,46
63,34
72,46
64,34
81,46
68,34
81,46
62,34
71,46
63,34
72,46
67,34
77,46
61,34
72,46
138,34
130,46
63,34
73,46
61,31
73,44
144,31
248,44
69,31
88,44
64,31
75,44
115,31
69,44
107,31
164,44
61,31
72,44
86,31
151,44
61,31
72,44
74,31
90,44
62,33
74,46
92,33
110,46
62,33
77,46
85,33
122,46
62,33
78,46
95,33
168,46
62,33
78,46
61,33
69,46
72,33
128,46
61,33
74,46
67,34
79,48
64,34
74,48
66,34
82,48
68,34
85,48
65,34
101,48
145,34
79,48
64,34
73,48
62,34
74,48
62,34
73,48
72,34
89,48
65,34
79,48
70,34
143,48
126,34
92,48
79,34
98,48
62,34
72,48
61,34
75,48
62,34
76,48
62,34
72,48
61,34
71,48
72,34
93,48
126,34
73,48
94,34
214,48
62,34
72,48
76,34
99,48
63,34
74,48
222,34
247,48
63,34
71,48
68,34
86,48
73,34
79,48
63,34
75,48
