18,8
42,12
18,8
44,12
21,8
44,12
72,8
102,12
25,8
51,12
17,8
48,12
18,8
37,12
17,8
35,12
20,8
40,12
17,8
38,12
18,9
37,12
18,9
37,12
44,9
105,12
54,9
154,12
17,9
36,12
51,9
113,12
17,9
45,12
14,9
37,12
16,9
34,12
20,9
43,12
17,7
36,10
41,7
101,10
52,7
57,10
20,7
153,10
17,7
36,10
15,7
33,10
32,7
65,10
48,7
39,10
17,7
38,10
17,7
38,10
25,8
47,12
20,8
42,12
18,8
38,12
29,8
62,12
17,8
36,12
28,8
109,12
18,8
35,12
17,8
34,12
17,8
36,12
19,8
39,12
17,8
39,12
69,8
235,12
18,8
37,12
14,8
32,12
16,8
34,12
17,8
34,12
20,8
44,12
15,8
34,12
15,8
32,12
16,8
37,12
16,9
35,14
15,9
33,14
18,9
39,14
15,9
33,14
15,9
32,14
43,9
84,14
138,9
40,14
20,9
48,14
19,9
44,14
25,9
58,14
19,8
44,12
22,8
53,12
19,8
43,12
24,8
52,12
16,8
35,12
20,8
47,12
18,8
42,12
18,8
36,12
18,8
43,12
17,8
37,12
17,7
38,12
18,7
40,12
18,7
40,12
18,7
49,12
17,7
38,12
61,7
40,12
15,7
34,12
19,7
38,12
16,7
37,12
14,7
34,12
16,9
37,12
18,9
36,12
18,9
40,12
23,9
136,12
19,9
42,12
112,9
90,12
16,9
38,12
18,9
43,12
16,9
34,12
15,9
35,12
36,9
166,14
15,9
34,14
21,9
46,14
16,9
36,14
23,9
48,14
15,9
34,14
18,9
39,14
14,9
32,14
15,9
34,14
16,9
39,14
