15,6
37,10
18,6
50,10
12,6
34,10
27,6
35,10
11,6
33,10
16,6
42,10
13,6
32,10
14,6
37,10
16,6
41,10
11,6
32,10
15,5
40,8
11,5
31,8
11,5
31,8
12,5
32,8
20,5
61,8
10,5
31,8
18,5
66,8
10,5
32,8
11,5
31,8
11,5
36,8
11,5
30,8
11,5
32,8
11,5
30,8
11,5
40,8
10,5
31,8
10,5
30,8
11,5
33,8
13,5
34,8
72,5
9,8
10,5
31,8
12,6
32,8
11,6
29,8
12,6
35,8
10,6
30,8
15,6
38,8
13,6
45,8
12,6
35,8
12,6
33,8
10,6
32,8
11,6
31,8
12,6
33,8
22,6
61,8
14,6
43,8
12,6
42,8
16,6
45,8
11,6
34,8
15,6
31,8
19,6
52,8
13,6
45,8
13,6
40,8
12,5
33,8
84,5
44,8
87,5
53,8
83,5
31,8
13,5
36,8
12,5
32,8
14,5
37,8
12,5
40,8
13,5
46,8
15,5
37,8
12,5
37,8
11,5
36,8
11,5
36,8
15,5
41,8
12,5
35,8
39,5
47,8
13,5
38,8
18,5
46,8
15,5
38,8
13,5
36,8
13,4
36,6
13,4
33,6
11,4
32,6
12,4
34,6
47,4
50,6
20,4
73,6
44,4
104,6
12,4
34,6
51,4
105,6
13,4
38,6
13,5
36,8
11,5
36,8
15,5
45,8
11,5
30,8
15,5
35,8
10,5
33,8
12,5
35,8
13,5
34,8
14,5
38,8
13,5
35,8
13,5
38,8
23,5
62,8
12,5
33,8
10,5
30,8
13,5
38,8
29,5
74,8
14,5
37,8
13,5
36,8
13,5
35,8
11,5
32,8
