19,11
35,16
33,11
61,16
19,11
51,16
43,11
66,16
19,11
37,16
20,11
38,16
21,11
38,16
20,11
41,16
19,11
39,16
20,11
41,16
76,11
44,16
20,11
36,16
21,11
45,16
19,11
38,16
20,11
36,16
35,11
75,16
23,11
40,16
31,11
53,16
21,11
43,16
21,11
39,16
18,11
37,18
20,11
37,18
19,11
34,18
43,11
92,18
19,11
34,18
20,11
37,18
20,11
38,18
20,11
36,18
27,11
50,18
25,11
48,18
19,12
36,20
26,12
58,20
27,12
54,20
26,12
46,20
92,12
136,20
18,12
36,20
26,12
48,20
20,12
38,20
23,12
38,20
20,12
36,20
19,11
36,18
20,11
36,18
20,11
38,18
66,11
176,18
20,11
45,18
21,11
43,18
20,11
38,18
20,11
38,18
23,11
43,18
20,11
40,18
81,11
17,18
28,11
94,18
19,11
38,18
24,11
38,18
18,11
37,18
23,11
39,18
20,11
36,18
20,11
42,18
19,11
43,18
20,11
36,18
20,10
44,16
19,10
37,16
33,10
70,16
33,10
51,16
22,10
40,16
23,10
70,16
22,10
43,16
24,10
39,16
22,10
40,16
20,10
77,16
19,12
39,18
81,12
29,18
20,12
36,18
23,12
38,18
19,12
36,18
19,12
33,18
21,12
39,18
26,12
45,18
20,12
37,18
20,12
38,18
21,12
45,18
72,12
17,18
62,12
39,18
73,12
38,18
67,12
18,18
144,12
16,18
23,12
46,18
22,12
44,18
20,12
38,18
20,12
40,18
19,11
36,18
20,11
37,18
20,11
36,18
21,11
38,18
20,11
38,18
19,11
35,18
23,11
36,18
20,11
37,18
19,11
38,18
20,11
38,18
