33,18
53,26
42,18
69,26
33,18
49,26
32,18
46,26
30,18
45,26
48,18
87,26
29,18
48,26
33,18
48,26
39,18
49,26
31,18
50,26
31,19
46,28
31,19
45,28
31,19
47,28
51,19
55,28
29,19
46,28
32,19
46,28
30,19
44,28
33,19
45,28
30,19
46,28
32,19
46,28
29,19
45,26
34,19
51,26
30,19
46,26
28,19
43,26
31,19
45,26
31,19
46,26
29,19
44,26
34,19
93,26
31,19
47,26
30,19
45,26
30,17
45,26
30,17
42,26
31,17
48,26
35,17
48,26
30,17
47,26
35,17
57,26
32,17
50,26
33,17
46,26
32,17
47,26
30,17
49,26
29,18
47,28
30,18
50,28
35,18
50,28
29,18
49,28
31,18
47,28
30,18
48,28
30,18
46,28
33,18
52,28
31,18
77,28
30,18
54,28
36,19
47,28
51,19
86,28
31,19
48,28
31,19
46,28
30,19
43,28
50,19
89,28
31,19
42,28
32,19
57,28
44,19
83,28
68,19
47,28
141,18
51,28
58,18
90,28
32,18
46,28
31,18
45,28
31,18
46,28
32,18
45,28
31,18
60,28
35,18
72,28
35,18
49,28
33,18
75,28
36,18
53,24
37,18
57,24
42,18
101,24
31,18
48,24
31,18
44,24
29,18
46,24
44,18
72,24
29,18
45,24
31,18
49,24
30,18
48,24
38,19
62,28
49,19
72,28
39,19
58,28
77,19
75,28
35,19
48,28
32,19
55,28
31,19
46,28
30,19
45,28
30,19
43,28
32,19
52,28
38,18
56,28
64,18
109,28
32,18
50,28
32,18
47,28
32,18
88,28
48,18
101,28
30,18
45,28
31,18
49,28
114,18
64,28
31,18
53,28
