36,24
52,34
78,24
52,34
36,24
67,34
39,24
51,34
36,24
50,34
36,24
53,34
44,24
68,34
42,24
60,34
39,24
52,34
39,24
51,34
36,25
52,32
46,25
64,32
36,25
50,32
35,25
48,32
43,25
50,32
76,25
112,32
41,25
56,32
163,25
61,32
42,25
51,32
37,25
52,32
35,20
53,32
57,20
78,32
38,20
56,32
34,20
53,32
48,20
128,32
41,20
62,32
35,20
53,32
36,20
57,32
36,20
57,32
40,20
61,32
37,21
53,30
37,21
56,30
36,21
52,30
45,21
71,30
36,21
50,30
43,21
61,30
36,21
50,30
36,21
58,30
138,21
58,30
36,21
53,30
36,22
52,30
54,22
70,30
35,22
52,30
49,22
87,30
40,22
58,30
36,22
56,30
36,22
54,30
42,22
60,30
40,22
61,30
35,22
49,30
39,22
53,30
38,22
53,30
40,22
62,30
37,22
49,30
36,22
52,30
37,22
55,30
39,22
53,30
37,22
51,30
50,22
164,30
42,22
64,30
36,20
51,32
37,20
52,32
40,20
60,32
64,20
127,32
36,20
53,32
36,20
51,32
37,20
60,32
36,20
51,32
38,20
57,32
35,20
51,32
36,22
50,32
37,22
52,32
40,22
61,32
42,22
58,32
56,22
78,32
53,22
77,32
37,22
52,32
37,22
55,32
35,22
52,32
38,22
55,32
42,20
60,32
35,20
50,32
41,20
59,32
82,20
138,32
34,20
53,32
35,20
55,32
35,20
51,32
36,20
51,32
35,20
61,32
36,20
52,32
37,23
51,32
40,23
52,32
36,23
50,32
40,23
49,32
36,23
53,32
81,23
102,32
38,23
60,32
38,23
58,32
36,23
53,32
36,23
49,32
