60,32
76,46
60,32
72,46
68,32
89,46
65,32
80,46
70,32
85,46
62,32
164,46
62,32
78,46
102,32
77,46
61,32
74,46
65,32
74,46
85,33
73,48
81,33
96,48
62,33
73,48
81,33
107,48
62,33
74,48
145,33
153,48
92,33
71,48
78,33
145,48
64,33
76,48
66,33
74,48
62,32
77,46
68,32
80,46
68,32
82,46
99,32
119,46
65,32
123,46
73,32
80,46
62,32
76,46
81,32
140,46
68,32
94,46
85,32
87,46
64,33
74,46
73,33
84,46
92,33
132,46
65,33
71,46
70,33
77,46
66,33
85,46
70,33
123,46
66,33
72,46
62,33
75,46
61,33
75,46
61,31
73,44
90,31
112,44
77,31
107,44
81,31
92,44
70,31
80,44
62,31
75,44
65,31
147,44
64,31
70,44
61,31
76,44
61,31
82,44
61,32
77,48
85,32
87,48
158,32
139,48
78,32
103,48
82,32
106,48
67,32
75,48
67,32
75,48
75,32
80,48
64,32
79,48
62,32
80,48
60,32
75,44
87,32
109,44
60,32
71,44
69,32
105,44
60,32
73,44
154,32
130,44
61,32
73,44
79,32
100,44
66,32
75,44
68,32
78,44
61,31
111,44
63,31
77,44
62,31
86,44
64,31
76,44
59,31
74,44
89,31
84,44
67,31
144,44
76,31
116,44
62,31
73,44
61,31
73,44
62,33
71,44
65,33
69,44
68,33
82,44
63,33
78,44
139,33
109,44
88,33
145,44
155,33
98,44
120,33
160,44
90,33
92,44
63,33
73,44
64,33
80,50
92,33
112,50
64,33
79,50
133,33
103,50
63,33
77,50
65,33
74,50
63,33
77,50
62,33
74,50
67,33
81,50
64,33
96,50
