13,2
30,4
9,2
29,4
9,2
29,4
14,2
48,4
21,2
40,4
9,2
32,4
9,2
29,4
14,2
99,4
15,2
31,4
9,2
31,4
9,3
32,4
11,3
38,4
11,3
34,4
18,3
53,4
11,3
34,4
22,3
44,4
9,3
24,4
10,3
32,4
12,3
38,4
12,3
39,4
19,2
58,4
9,2
34,4
11,2
35,4
18,2
51,4
9,2
28,4
15,2
49,4
8,2
29,4
16,2
55,4
9,2
30,4
9,2
31,4
8,2
28,4
14,2
34,4
12,2
31,4
10,2
34,4
10,2
34,4
10,2
36,4
10,2
38,4
12,2
45,4
9,2
31,4
8,2
28,4
20,2
95,4
24,2
46,4
14,2
45,4
12,2
33,4
11,2
35,4
15,2
65,4
9,2
29,4
11,2
104,4
10,2
29,4
9,2
28,4
9,3
31,4
11,3
29,4
10,3
31,4
19,3
53,4
13,3
30,4
9,3
34,4
13,3
38,4
9,3
29,4
15,3
34,4
13,3
35,4
13,3
43,4
16,3
32,4
29,3
88,4
9,3
27,4
9,3
31,4
9,3
28,4
10,3
29,4
19,3
47,4
12,3
36,4
12,3
39,4
8,2
27,4
11,2
36,4
9,2
63,4
17,2
36,4
9,2
31,4
10,2
32,4
10,2
35,4
11,2
35,4
9,2
28,4
8,2
27,4
9,2
31,4
22,2
57,4
11,2
31,4
9,2
30,4
9,2
29,4
79,2
43,4
9,2
31,4
13,2
33,4
9,2
27,4
11,2
40,4
9,2
29,4
9,2
28,4
15,2
44,4
10,2
29,4
9,2
31,4
10,2
35,4
12,2
62,4
14,2
43,4
10,2
33,4
9,2
30,4
