21473,6
27,6
32,12
20838,6
117,6
100,12
20215,6
56,6
12,12
20260,6
100,6
39,12
20542,6
205,6
124,12
20395,6
151,6
51,12
21249,6
383,6
202,12
20071,6
474,6
265,12
20513,6
404,6
253,12
21799,6
80,6
52,12
2083,5
62,5
12,10
2573,5
272,5
207,10
2304,5
481,5
235,10
2906,5
87,5
75,10
2200,5
168,5
265,10
2857,5
83,5
44,10
2190,5
531,5
108,10
2246,5
53,5
12,10
1957,5
56,5
12,10
2275,5
139,5
250,10
179169,7
99,7
12,10
178127,7
407,7
186,10
182820,7
178,7
243,10
179361,7
180,7
57,10
181307,7
100,7
225,10
180374,7
63,7
12,10
187437,7
1556,7
49,10
178807,7
133,7
146,10
183193,7
170,7
42,10
183067,7
126,7
182,10
195876,7
52,7
11,10
187690,7
100,7
52,10
191389,7
64,7
13,10
188448,7
163,7
75,10
190071,7
68,7
40,10
192786,7
65,7
13,10
187453,7
273,7
105,10
192475,7
168,7
39,10
194012,7
113,7
51,10
187683,7
142,7
443,10
27157,6
161,6
69,8
26372,6
59,6
67,8
25519,6
76,6
68,8
25333,6
129,6
82,8
25101,6
163,6
158,8
25510,6
144,6
93,8
25242,6
357,6
172,8
26757,6
281,6
96,8
26589,6
208,6
336,8
26325,6
46,6
42,8
135157,7
152,7
29,10
127137,7
123,7
32,10
128970,7
133,7
211,10
129327,7
169,7
86,10
129914,7
134,7
395,10
126636,7
136,7
364,10
127631,7
54,7
14,10
126600,7
211,7
135,10
131273,7
53,7
12,10
131561,7
273,7
139,10
24539,6
115,6
50,10
25830,6
180,6
58,10
23627,6
94,6
67,10
23436,6
105,6
33,10
22972,6
59,6
38,10
23406,6
498,6
102,10
23076,6
59,6
12,10
23204,6
59,6
12,10
23281,6
172,6
133,10
23873,6
100,6
74,10
19823,6
107,6
73,10
20928,6
37,6
103,10
19895,6
67,6
67,10
19273,6
146,6
391,10
19250,6
160,6
179,10
19181,6
135,6
90,10
20495,6
11,6
31,10
20239,6
369,6
86,10
19159,6
61,6
13,10
19198,6
55,6
333,10
39127,6
57,6
12,12
39803,6
112,6
50,12
36466,6
48,6
11,12
36427,6
68,6
12,12
36943,6
136,6
386,12
36853,6
103,6
73,12
36555,6
136,6
75,12
36731,6
79,6
46,12
36602,6
104,6
163,12
36814,6
174,6
120,12
146685,7
96,7
39,8
137952,7
115,7
99,8
137044,7
109,7
87,8
136180,7
75,7
126,8
145565,7
114,7
45,8
136038,7
93,7
211,8
136616,7
314,7
138,8
140412,7
58,7
12,8
139490,7
176,7
242,8
139943,7
47,7
11,8
