21646854,9
177,9
256,16
26326946,9
55,9
14,16
24489395,9
278,9
85,16
25151893,9
331,9
169,16
23663284,9
97,9
64,16
21114577,9
116,9
125,16
20889073,9
144,9
87,16
22193282,9
152,9
68,16
22921193,9
112,9
63,16
21982546,9
54,9
15,16
5304318,8
60,8
25,16
6226942,8
65,8
17,16
6378760,8
172,8
104,16
6422878,8
137,8
59,16
5605558,8
93,8
120,16
6054349,8
129,8
128,16
6251966,8
230,8
145,16
5918032,8
174,8
540,16
5652478,8
92,8
136,16
5958914,8
109,8
31,16
45154083,9
68,10
17,14
46062787,9
354,10
119,14
51971093,9
136,10
243,14
47345251,9
52,10
14,14
54087301,9
231,10
117,14
42638060,9
47,10
41,14
40305764,9
119,10
65,14
37149109,9
128,10
66,14
37847317,9
65,10
154,14
40365477,9
149,10
65,14
4297602,8
205,9
105,14
4305804,8
146,9
54,14
4647216,8
393,9
61,14
4356272,8
345,9
183,14
4329155,8
127,9
23,14
4325978,8
232,9
108,14
4597008,8
55,9
17,14
4702913,8
138,9
318,14
4426324,8
157,9
64,14
5382922,8
60,9
16,14
51066759,9
117,9
81,14
52134341,9
169,9
240,14
49162035,9
203,9
87,14
46290575,9
61,9
16,14
50605500,9
129,9
159,14
52461525,9
60,9
16,14
54050371,9
137,9
70,14
49201292,9
172,9
256,14
55492732,9
199,9
129,14
57379792,9
146,9
283,14
58881583,9
16,10
45,14
58497589,9
83,10
541,14
51418345,9
18,10
42,14
52168171,9
53,10
35,14
48456910,9
25,10
37,14
54346991,9
34,10
48,14
53937730,9
30,10
40,14
54095788,9
19,10
52,14
63874111,9
46,10
75,14
51338023,9
30,10
54,14
5095254,8
53,9
133,14
4903121,8
22,9
35,14
4845049,8
16,9
40,14
4905736,8
37,9
32,14
4836181,8
18,9
33,14
4739521,8
19,9
47,14
5478805,8
23,9
40,14
7248605,8
21,9
67,14
5766998,8
27,9
34,14
5454590,8
22,9
63,14
28701003,9
1020,10
131,14
33894887,9
16,10
49,14
26936285,9
19,10
48,14
29217875,9
32,10
35,14
33000337,9
27,10
67,14
34237056,9
21,10
55,14
37014424,9
26,10
36,14
40245084,9
25,10
35,14
39210406,9
62,10
30,14
36063517,9
21,10
82,14
39938158,9
30,9
106,14
36293712,9
16,9
39,14
37912397,9
24,9
50,14
35696240,9
23,9
73,14
36622315,9
125,9
30,14
35940985,9
40,9
78,14
27743738,9
21,9
46,14
26186873,9
25,9
30,14
26429944,9
19,9
57,14
24994779,9
21,9
38,14
669149,7
18,7
47,12
692943,7
81,7
52,12
683785,7
22,7
31,12
670285,7
16,7
38,12
671332,7
15,7
34,12
698481,7
24,7
31,12
673851,7
31,7
40,12
663202,7
21,7
27,12
670700,7
17,7
30,12
678498,7
41,7
30,12
