2453298,8
178,8
245,12
2446989,8
166,8
115,12
2425630,8
373,8
103,12
2441352,8
50,8
13,12
2792257,8
55,8
13,12
2474222,8
87,8
1650,12
2501207,8
166,8
190,12
2409899,8
95,8
62,12
2477841,8
55,8
18,12
2443856,8
163,8
62,12
2602492,8
49,9
13,10
2660451,8
57,9
12,10
2601596,8
286,9
129,10
2932930,8
409,9
120,10
2622267,8
197,9
124,10
2616174,8
136,9
120,10
2635852,8
53,9
13,10
2590843,8
88,9
49,10
2612468,8
73,9
29,10
2593736,8
61,9
15,10
302934,7
72,7
93,12
298998,7
132,7
61,12
293622,7
155,7
72,12
299610,7
67,7
15,12
300176,7
145,7
125,12
315901,7
2112,7
95,12
303472,7
74,7
52,12
301523,7
161,7
73,12
298862,7
182,7
303,12
299284,7
62,7
13,12
5369939,8
170,8
100,14
5308180,8
76,8
45,14
5413037,8
1647,8
107,14
5334161,8
51,8
13,14
5718567,8
134,8
150,14
5200025,8
154,8
1362,14
5316157,8
135,8
81,14
5119587,8
65,8
15,14
5104915,8
101,8
75,14
5078438,8
58,8
14,14
1748425,8
82,8
57,10
1723296,8
358,8
114,10
1767351,8
60,8
17,10
1819156,8
1716,8
100,10
1810549,8
119,8
82,10
1715694,8
293,8
104,10
1817820,8
232,8
81,10
1851218,8
70,8
12,10
1790991,8
51,8
13,10
2022060,8
316,8
105,10
469912,7
48,7
14,12
426016,7
56,7
14,12
439865,7
204,7
1584,12
453994,7
32,7
81,12
452896,7
55,7
19,12
449400,7
178,7
252,12
450069,7
54,7
18,12
457958,7
170,7
191,12
453144,7
164,7
53,12
445157,7
98,7
60,12
2802975,8
305,8
144,12
2681344,8
63,8
13,12
2697514,8
61,8
15,12
2839770,8
338,8
133,12
2729503,8
54,8
14,12
2674547,8
327,8
114,12
2736653,8
167,8
49,12
2664478,8
1908,8
107,12
2668070,8
187,8
48,12
2941121,8
379,8
116,12
348895,7
333,7
126,12
336437,7
359,7
48,12
341164,7
172,7
238,12
342504,7
204,7
126,12
337027,7
70,7
29,12
344406,7
133,7
50,12
340993,7
61,7
15,12
343851,7
53,7
29,12
345131,7
165,7
232,12
346499,7
15,7
32,12
312320,7
352,7
57,12
313553,7
29,7
99,12
289506,7
168,7
238,12
292405,7
28,7
35,12
295817,7
56,7
13,12
305369,7
111,7
92,12
299521,7
89,7
125,12
304111,7
366,7
55,12
303169,7
177,7
243,12
313997,7
124,7
133,12
80420,6
185,6
93,10
80077,6
1875,6
63,10
73991,6
208,6
105,10
73223,6
65,6
15,10
72023,6
170,6
244,10
71667,6
50,6
14,10
72903,6
60,6
15,10
74190,6
353,6
59,10
75414,6
64,6
13,10
73039,6
77,6
143,10
