76199509,9
18,9
41,14
74651920,9
25,9
57,14
64465321,9
50,9
77,14
63237453,9
138,9
18,14
58450340,9
54,9
15,14
60736447,9
86,9
79,14
60506476,9
166,9
158,14
61498970,9
112,9
175,14
59229961,9
49,9
15,14
60513501,9
69,9
51,14
81784660,9
310,10
107,16
91968570,9
281,10
111,16
88274512,9
80,10
38,16
89551461,9
60,10
17,16
88791012,9
59,10
15,16
86205775,9
63,10
19,16
84844227,9
416,10
126,16
80104886,9
73,10
72,16
84952712,9
106,10
445,16
87966643,9
69,10
17,16
798017913,10
178,10
82,16
828379488,10
251,10
176,16
811917499,10
92,10
50,16
903798323,10
180,10
400,16
957110401,10
137,10
62,16
1063173697,10
169,10
357,16
875219987,10
242,10
106,16
891228425,10
151,10
80,16
873454882,10
302,10
420,16
835765411,10
165,10
186,16
716184773,10
62,11
22,16
694775625,10
62,11
15,16
782593300,10
203,11
83,16
769761057,10
208,11
141,16
790827792,10
396,11
104,16
866369107,10
62,11
30,16
733300822,10
2545,11
151,16
701074652,10
56,11
15,16
642250982,10
178,11
55,16
672118099,10
62,11
17,16
304656179,10
75,10
35,16
312292487,10
67,10
17,16
302708815,10
55,10
29,16
295507772,10
56,10
15,16
308990130,10
146,10
91,16
305581005,10
160,10
175,16
303563098,10
231,10
94,16
303753210,10
61,10
15,16
309554827,10
134,10
183,16
309511478,10
157,10
75,16
76387108,9
86,9
104,16
75603802,9
168,9
239,16
78736405,9
49,9
15,16
79055353,9
71,9
15,16
78217683,9
196,9
79,16
77037672,9
211,9
65,16
80611622,9
59,9
16,16
79624588,9
60,9
15,16
75578101,9
145,9
58,16
75749086,9
84,9
342,16
346653489,10
225,10
112,16
350583118,10
363,10
156,16
371085534,10
60,10
15,16
365356779,10
136,10
376,16
350253208,10
218,10
70,16
354106345,10
99,10
58,16
355239272,10
234,10
89,16
348358094,10
63,10
15,16
358310194,10
343,10
179,16
351353350,10
63,10
15,16
55096045,9
61,9
16,16
54971059,9
177,9
120,16
57022009,9
53,9
15,16
55073791,9
81,9
32,16
57190892,9
138,9
128,16
58156952,9
52,9
16,16
56939771,9
68,9
24,16
55398542,9
123,9
140,16
55489427,9
51,9
17,16
56923509,9
56,9
16,16
