2075,5
53,5
9,8
2736,5
76,5
109,8
2455,5
208,5
123,8
2186,5
10,5
45,8
2157,5
125,5
210,8
2021,5
41,5
8,8
2239,5
162,5
234,8
2015,5
49,5
10,8
2188,5
302,5
126,8
2315,5
353,5
118,8
2474,5
84,5
277,8
2405,5
53,5
12,8
2386,5
154,5
89,8
3275,5
278,5
102,8
2362,5
190,5
412,8
3156,5
286,5
160,8
2287,5
56,5
10,8
2163,5
53,5
10,8
2136,5
46,5
10,8
2338,5
180,5
241,8
3745,5
55,5
10,8
3896,5
43,5
63,8
4582,5
118,5
62,8
4346,5
42,5
57,8
4526,5
128,5
89,8
3840,5
223,5
131,8
3790,5
60,5
12,8
3932,5
211,5
183,8
3836,5
124,5
182,8
3956,5
310,5
132,8
3042,5
260,6
153,10
3797,5
47,6
16,10
3367,5
709,6
177,10
3237,5
117,6
111,10
3419,5
128,6
92,10
3459,5
175,6
173,10
3107,5
354,6
118,10
3182,5
236,6
99,10
3186,5
180,6
256,10
2871,5
60,6
12,10
2362,5
113,5
299,8
3250,5
122,5
38,8
2298,5
67,5
12,8
3284,5
14,5
35,8
2552,5
441,5
214,8
3149,5
43,5
13,8
2472,5
159,5
235,8
2851,5
188,5
315,8
2348,5
62,5
12,8
2547,5
130,5
191,8
2526,5
287,5
100,8
2785,5
220,5
143,8
2281,5
117,5
63,8
2903,5
80,5
134,8
2654,5
129,5
3480,8
2491,5
155,5
309,8
2193,5
88,5
13,8
3062,5
59,5
11,8
2170,5
63,5
10,8
2715,5
133,5
168,8
459,4
58,4
10,8
543,4
260,4
104,8
568,4
117,4
188,8
437,4
54,4
10,8
1432,4
190,4
440,8
494,4
60,4
10,8
646,4
284,4
147,8
493,4
242,4
872,8
579,4
161,4
233,8
816,4
241,4
107,8
2196,5
201,5
218,8
2016,5
54,5
11,8
1858,5
54,5
10,8
2368,5
130,5
284,8
2182,5
144,5
209,8
2142,5
280,5
136,8
1875,5
55,5
12,8
2111,5
57,5
12,8
2108,5
177,5
249,8
2127,5
158,5
233,8
2672,5
185,5
269,8
2498,5
42,5
35,8
2155,5
75,5
10,8
2929,5
444,5
87,8
2430,5
175,5
269,8
2965,5
30,5
37,8
2424,5
185,5
245,8
2378,5
70,5
13,8
2202,5
204,5
57,8
2201,5
56,5
11,8
1970,5
60,6
12,8
2420,5
19,6
44,8
1953,5
169,6
150,8
2705,5
149,6
64,8
1998,5
51,6
10,8
2758,5
41,6
34,8
2156,5
93,6
233,8
2520,5
44,6
10,8
3362,5
397,6
91,8
2546,5
335,6
139,8
