128,2
52,2
9,4
131,2
13,2
35,4
200,2
187,2
144,4
125,2
50,2
8,4
162,2
8,2
12,4
153,2
151,2
63,4
253,2
150,2
223,4
348,2
145,2
80,4
275,2
153,2
234,4
137,2
151,2
147,4
172,2
83,2
40,2
327,2
260,2
72,2
140,2
8,2
29,2
188,2
163,2
54,2
122,2
52,2
9,2
299,2
96,2
102,2
120,2
51,2
8,2
239,2
233,2
84,2
126,2
60,2
14,2
220,2
135,2
49,2
125,2
56,2
10,4
281,2
166,2
94,4
242,2
276,2
91,4
129,2
56,2
9,4
123,2
49,2
8,4
140,2
63,2
9,4
236,2
47,2
45,4
174,2
175,2
80,4
225,2
240,2
104,4
157,2
51,2
8,4
159,2
43,2
15,4
130,2
58,2
8,4
282,2
112,2
56,4
138,2
55,2
17,4
139,2
49,2
8,4
167,2
70,2
13,4
252,2
86,2
225,4
168,2
128,2
102,4
179,2
149,2
42,4
128,2
60,2
9,4
338,2
1006,2
69,4
197,2
97,2
83,4
137,2
51,2
10,4
145,2
162,2
228,4
163,2
8,2
10,4
566,2
72,2
67,4
252,2
81,2
86,4
314,2
145,2
212,4
333,2
127,2
28,4
292,2
291,2
56,4
192,2
104,2
80,4
270,2
58,2
142,4
129,2
66,2
9,4
194,2
8,2
9,4
173,2
91,2
28,4
249,2
174,2
125,4
165,2
85,2
15,4
209,2
46,2
126,4
366,2
85,2
79,4
194,2
173,2
39,4
245,2
144,2
87,4
233,2
306,2
203,4
311,2
87,2
461,4
137,2
50,2
9,4
221,2
73,2
13,4
259,2
226,2
88,4
223,2
63,2
159,4
259,2
159,2
224,4
162,2
83,2
13,4
274,2
169,2
97,4
149,2
15,2
8,2
128,2
59,2
9,2
202,2
48,2
134,2
356,2
406,2
168,2
144,2
7,2
9,2
172,2
45,2
61,2
281,2
132,2
94,2
213,2
124,2
79,2
124,2
53,2
9,2
126,2
56,2
11,2
296,2
84,2
367,4
124,2
47,2
10,4
131,2
54,2
8,4
121,2
68,2
8,4
136,2
54,2
11,4
291,2
262,2
76,4
276,2
49,2
72,4
146,2
14,2
27,4
247,2
115,2
73,4
180,2
141,2
72,4
205,2
124,2
65,4
121,2
36,2
8,4
195,2
117,2
46,4
125,2
43,2
9,4
161,2
19,2
38,4
175,2
112,2
14,4
292,2
153,2
88,4
238,2
179,2
56,4
136,2
54,2
8,4
386,2
111,2
29,4
