207,2
66,2
55,4
257,2
61,2
180,4
136,2
62,2
11,4
265,2
133,2
140,4
164,2
27,2
16,4
262,2
241,2
75,4
139,2
45,2
11,4
252,2
345,2
199,4
463,2
72,2
291,4
235,2
210,2
103,4
190,3
65,3
12,4
336,3
132,3
59,4
389,3
39,3
21,4
186,3
60,3
11,4
204,3
48,3
11,4
262,3
165,3
43,4
336,3
175,3
231,4
220,3
16,3
9,4
491,3
378,3
80,4
405,3
164,3
95,4
194,3
56,3
11,6
203,3
53,3
12,6
255,3
103,3
280,6
478,3
247,3
116,6
345,3
55,3
69,6
401,3
139,3
69,6
335,3
165,3
238,6
522,3
132,3
75,6
372,3
139,3
226,6
327,3
138,3
69,6
367,3
49,3
367,6
236,3
74,3
32,6
328,3
126,3
99,6
368,3
84,3
251,6
223,3
65,3
15,6
190,3
45,3
10,6
184,3
52,3
11,6
268,3
123,3
66,6
381,3
88,3
122,6
354,3
380,3
68,6
293,3
144,4
71,4
309,3
170,4
54,4
291,3
108,4
68,4
343,3
162,4
239,4
445,3
134,4
60,4
246,3
165,4
69,4
284,3
69,4
110,4
551,3
84,4
27,4
304,3
95,4
75,4
373,3
65,4
139,4
237,3
70,3
38,4
294,3
147,3
180,4
406,3
186,3
319,4
332,3
288,3
88,4
342,3
40,3
54,4
198,3
62,3
11,4
207,3
54,3
11,4
373,3
149,3
20,4
190,3
49,3
10,4
351,3
63,3
43,4
139,2
62,2
11,4
372,2
423,2
71,4
289,2
229,2
105,4
155,2
55,2
69,4
152,2
11,2
39,4
233,2
152,2
191,4
207,2
161,2
43,4
217,2
146,2
65,4
132,2
62,2
10,4
133,2
57,2
11,4
569,3
610,3
97,4
439,3
107,3
99,4
315,3
167,3
234,4
271,3
138,3
96,4
359,3
218,3
154,4
297,3
52,3
70,4
647,3
77,3
503,4
180,3
48,3
11,4
199,3
9,3
34,4
269,3
329,3
30,4
352,3
72,3
132,4
255,3
94,3
40,4
412,3
117,3
139,4
338,3
154,3
239,4
308,3
59,3
73,4
676,3
307,3
146,4
344,3
45,3
50,4
264,3
141,3
48,4
295,3
104,3
82,4
456,3
229,3
62,4
432,3
102,3
83,4
192,3
99,3
51,4
246,3
107,3
39,4
403,3
167,3
31,4
341,3
130,3
327,4
331,3
438,3
122,4
267,3
164,3
90,4
287,3
84,3
22,4
202,3
54,3
11,4
177,3
60,3
11,4
