1048,4
167,4
66,6
1008,4
277,4
141,6
1184,4
93,4
131,6
1620,4
70,4
35,6
1191,4
98,4
132,6
1248,4
48,4
12,6
958,4
54,4
11,6
998,4
137,4
122,6
963,4
63,4
12,6
1175,4
76,4
216,6
467,3
76,3
259,6
306,3
42,3
10,6
535,3
130,3
104,6
257,3
177,3
267,6
264,3
50,3
19,6
516,3
239,3
186,6
478,3
266,3
148,6
580,3
414,3
115,6
630,3
189,3
395,6
372,3
123,3
162,6
520,4
203,4
121,6
530,4
138,4
60,6
669,4
77,4
139,6
593,4
154,4
164,6
551,4
94,4
74,6
447,4
104,4
49,6
609,4
40,4
29,6
991,4
239,4
94,6
562,4
162,4
230,6
428,4
183,4
118,6
677,4
249,4
104,6
525,4
179,4
36,6
611,4
168,4
253,6
654,4
85,4
267,6
678,4
58,4
156,6
437,4
60,4
11,6
425,4
55,4
11,6
447,4
58,4
11,6
558,4
270,4
73,6
925,4
203,4
96,6
1658,5
59,5
13,8
2054,5
38,5
123,8
1674,5
167,5
118,8
1991,5
31,5
52,8
2343,5
2395,5
45,8
1844,5
31,5
13,8
1972,5
194,5
139,8
1613,5
51,5
11,8
1706,5
49,5
66,8
1792,5
119,5
166,8
580,4
92,4
21,8
1097,4
131,4
357,8
624,4
282,4
194,8
503,4
46,4
20,8
708,4
214,4
130,8
445,4
56,4
13,8
434,4
54,4
11,8
742,4
46,4
343,8
639,4
146,4
45,8
439,4
52,4
13,8
339,3
116,3
98,6
223,3
53,3
19,6
374,3
56,3
133,6
439,3
238,3
187,6
415,3
363,3
100,6
343,3
235,3
102,6
394,3
70,3
217,6
518,3
343,3
85,6
439,3
116,3
80,6
203,3
63,3
11,6
223,3
111,3
12,6
381,3
70,3
215,6
294,3
171,3
302,6
733,3
175,3
66,6
220,3
51,3
11,6
476,3
201,3
80,6
350,3
149,3
228,6
395,3
90,3
42,6
388,3
440,3
60,6
424,3
152,3
102,6
983,4
196,5
118,6
1116,4
98,5
41,6
1030,4
183,5
117,6
1068,4
87,5
22,6
831,4
79,5
11,6
1214,4
849,5
207,6
1230,4
36,5
33,6
803,4
53,5
11,6
933,4
57,5
11,6
937,4
257,5
82,6
497,4
47,4
12,8
796,4
67,4
24,8
502,4
51,4
12,8
689,4
47,4
181,8
733,4
78,4
262,8
498,4
57,4
29,8
704,4
18,4
100,8
541,4
61,4
11,8
502,4
51,4
11,8
716,4
66,4
85,8
