1385,150
925,190
1943,150
1081,190
1333,150
902,190
1348,150
960,190
1590,150
997,190
1313,150
893,190
1384,150
867,190
1360,150
987,190
1309,150
896,190
1291,150
845,190
1321,153
915,186
1288,153
1284,186
1396,153
1084,186
1819,153
1238,186
1747,153
1353,186
1386,153
968,186
1482,153
981,186
1414,153
933,186
1315,153
984,186
1304,153
910,186
1730,149
1107,190
1305,149
891,190
1232,149
1020,190
1298,149
848,190
1384,149
994,190
1347,149
1153,190
1260,149
894,190
1261,149
888,190
1511,149
1154,190
1490,149
952,190
2503,152
1410,188
1941,152
1530,188
1231,152
854,188
1351,152
975,188
1217,152
834,188
1533,152
1012,188
1340,152
954,188
1548,152
1081,188
1553,152
1060,188
1380,152
1061,188
1507,150
925,190
2048,150
1430,190
1647,150
1055,190
1402,150
961,190
1276,150
823,190
1204,150
798,190
1337,150
850,190
1322,150
936,190
1432,150
942,190
1471,150
1051,190
1293,148
1041,188
1646,148
1526,188
1395,148
1070,188
1413,148
889,188
1395,148
1009,188
1356,148
982,188
1538,148
991,188
1331,148
922,188
1552,148
1130,188
1410,148
1074,188
1427,151
1018,188
1874,151
1267,188
1379,151
987,188
1817,151
1058,188
1351,151
948,188
1320,151
970,188
1421,151
1000,188
1222,151
833,188
1315,151
920,188
1397,151
832,188
1628,150
1146,186
2050,150
1940,186
1307,150
858,186
1357,150
904,186
1347,150
839,186
1271,150
825,186
1281,150
812,186
1559,150
910,186
1325,150
816,186
1215,150
793,186
2005,153
1143,188
1403,153
885,188
1361,153
947,188
1242,153
811,188
1583,153
1102,188
1345,153
835,188
1451,153
979,188
2241,153
2008,188
1463,153
1144,188
1358,153
867,188
1405,153
962,190
1390,153
896,190
1346,153
1177,190
1373,153
1043,190
1272,153
1108,190
1342,153
899,190
1575,153
1155,190
1359,153
937,190
1430,153
1407,190
1277,153
840,190
