802,118
565,146
1016,118
649,146
805,118
570,146
811,118
568,146
971,118
567,146
871,118
559,146
840,118
587,146
1020,118
664,146
844,118
586,146
883,118
541,146
1039,115
581,148
816,115
686,148
1020,115
651,148
915,115
509,148
944,115
510,148
808,115
578,148
784,115
554,148
820,115
883,148
853,115
530,148
818,115
507,148
1070,116
897,146
855,116
516,146
1009,116
752,146
810,116
575,146
1072,116
554,146
809,116
538,146
853,116
586,146
889,116
672,146
850,116
650,146
760,116
533,146
1058,122
728,148
781,122
525,148
1542,122
1084,148
808,122
480,148
921,122
676,148
847,122
564,148
853,122
579,148
760,122
499,148
879,122
519,148
947,122
677,148
1349,116
1348,146
879,116
600,146
788,116
569,146
810,116
590,146
951,116
687,146
790,116
652,146
790,116
558,146
801,116
556,146
725,116
512,146
786,116
556,146
985,118
977,150
847,118
549,150
1065,118
862,150
787,118
546,150
797,118
586,150
726,118
492,150
727,118
498,150
809,118
558,150
784,118
575,150
726,118
490,150
1186,115
591,148
716,115
480,148
1046,115
754,148
858,115
595,148
1076,115
1438,148
877,115
550,148
781,115
588,148
998,115
526,148
740,115
479,148
1045,115
608,148
1150,119
836,144
933,119
714,144
811,119
560,144
1636,119
1218,144
818,119
618,144
1394,119
685,144
1091,119
961,144
984,119
575,144
848,119
489,144
820,119
524,144
1458,120
1010,148
988,120
578,148
849,120
631,148
1268,120
743,148
829,120
588,148
957,120
1275,148
877,120
660,148
873,120
660,148
1093,120
1055,148
792,120
554,148
1533,118
3894,148
1530,118
679,148
2359,118
2030,148
3792,118
2048,148
1858,118
5604,148
1255,118
745,148
802,118
566,148
1210,118
1089,148
1346,118
807,148
1087,118
980,148
