663,90
460,120
597,90
319,120
555,90
416,120
478,90
376,120
484,90
331,120
653,90
336,120
643,90
464,120
570,90
384,120
619,90
379,120
610,90
436,120
596,91
499,116
563,91
417,116
532,91
324,116
483,91
324,116
468,91
304,116
484,91
327,116
486,91
329,116
455,91
298,116
533,91
374,116
508,91
327,116
494,93
329,118
477,93
329,118
631,93
452,118
555,93
344,118
540,93
313,118
519,93
401,118
525,93
410,118
538,93
398,118
587,93
386,118
503,93
403,118
484,92
351,120
502,92
398,120
439,92
366,120
634,92
478,120
577,92
374,120
454,92
320,120
484,92
333,120
704,92
403,120
552,92
459,120
945,92
559,120
496,90
383,118
504,90
396,118
658,90
530,118
538,90
309,118
969,90
506,118
549,90
332,118
505,90
348,118
531,90
367,118
524,90
377,118
506,90
373,118
456,88
376,120
482,88
376,120
649,88
405,120
517,88
405,120
474,88
314,120
589,88
466,120
446,88
304,120
546,88
376,120
570,88
417,120
493,88
327,120
565,90
493,118
586,90
429,118
478,90
335,118
562,90
425,118
499,90
354,118
534,90
430,118
487,90
332,118
490,90
331,118
456,90
306,118
494,90
333,118
795,90
553,120
631,90
496,120
556,90
343,120
538,90
325,120
1004,90
388,120
657,90
506,120
535,90
444,120
503,90
343,120
593,90
331,120
453,90
308,120
464,92
312,118
580,92
378,118
477,92
352,118
567,92
404,118
491,92
434,118
551,92
359,118
736,92
566,118
656,92
411,118
541,92
326,118
563,92
392,118
557,91
387,114
705,91
506,114
562,91
412,114
581,91
465,114
447,91
291,114
661,91
373,114
474,91
318,114
485,91
323,114
527,91
385,114
765,91
340,114
