591,100
410,126
1321,100
771,126
630,100
545,126
578,100
366,126
596,100
453,126
617,100
436,126
576,100
445,126
602,100
472,126
638,100
484,126
568,100
398,126
728,103
500,128
865,103
555,128
689,103
510,128
549,103
361,128
733,103
621,128
605,103
394,128
704,103
516,128
612,103
451,128
667,103
573,128
665,103
474,128
530,97
418,132
623,97
442,132
538,97
447,132
1597,97
610,132
547,97
444,132
776,97
431,132
579,97
396,132
566,97
399,132
568,97
402,132
611,97
427,132
620,99
427,124
547,99
356,124
512,99
356,124
606,99
533,124
516,99
574,124
730,99
570,124
578,99
386,124
605,99
396,124
622,99
366,124
570,99
374,124
616,98
491,128
637,98
493,128
849,98
508,128
543,98
373,128
1129,98
1193,128
731,98
402,128
612,98
444,128
601,98
407,128
572,98
404,128
579,98
426,128
603,100
460,128
640,100
486,128
592,100
447,128
635,100
440,128
565,100
379,128
650,100
404,128
533,100
366,128
750,100
677,128
561,100
406,128
643,100
494,128
609,103
428,130
574,103
387,130
700,103
532,130
575,103
428,130
596,103
398,130
538,103
362,130
588,103
409,130
637,103
422,130
539,103
362,130
574,103
398,130
604,99
414,128
665,99
459,128
875,99
540,128
578,99
417,128
644,99
564,128
591,99
400,128
597,99
395,128
694,99
421,128
656,99
456,128
648,99
707,128
588,99
394,128
615,99
454,128
739,99
458,128
692,99
397,128
1505,99
1720,128
636,99
463,128
628,99
433,128
598,99
390,128
550,99
358,128
627,99
381,128
585,101
366,126
574,101
415,126
590,101
429,126
792,101
533,126
572,101
562,126
661,101
449,126
642,101
529,126
563,101
428,126
740,101
468,126
675,101
367,126
