1195,130
852,168
1201,130
840,168
1027,130
955,168
985,130
652,168
1018,130
738,168
1382,130
935,168
1022,130
736,168
1010,130
770,168
1148,130
768,168
1034,130
735,168
1024,132
739,166
1014,132
959,166
959,132
704,166
1364,132
970,166
1050,132
736,166
1142,132
707,166
995,132
673,166
1100,132
931,166
1079,132
729,166
1135,132
929,166
1159,135
752,162
1312,135
1004,162
1245,135
916,162
979,135
680,162
939,135
626,162
985,135
693,162
994,135
639,162
953,135
941,162
1143,135
708,162
1047,135
713,162
1155,133
751,170
1311,133
1146,170
993,133
652,170
1359,133
812,170
1308,133
842,170
1053,133
703,170
1050,133
765,170
1068,133
710,170
1430,133
1023,170
1502,133
1223,170
929,132
659,166
1361,132
766,166
1039,132
712,166
1001,132
729,166
989,132
669,166
970,132
636,166
1093,132
812,166
1418,132
1830,166
1145,132
819,166
1238,132
674,166
1049,134
704,166
1451,134
1025,166
1107,134
916,166
1088,134
853,166
1029,134
692,166
1016,134
925,166
1085,134
788,166
1185,134
695,166
1014,134
780,166
1396,134
876,166
1230,137
865,166
1371,137
870,166
1011,137
805,166
1110,137
794,166
1424,137
821,166
1165,137
979,166
1103,137
840,166
1198,137
812,166
1304,137
759,166
1210,137
802,166
1023,133
653,170
1092,133
870,170
992,133
710,170
1106,133
863,170
1172,133
927,170
1027,133
687,170
981,133
648,170
1057,133
694,170
1019,133
721,170
1562,133
1315,170
940,130
656,166
1087,130
906,166
1316,130
887,166
1303,130
675,166
1054,130
763,166
943,130
629,166
1174,130
822,166
1013,130
687,166
1116,130
776,166
1150,130
933,166
1041,133
732,170
1261,133
1194,170
1112,133
1044,170
1701,133
946,170
1149,133
801,170
1141,133
752,170
1459,133
746,170
1148,133
796,170
1102,133
723,170
1041,133
739,170
