759,107
443,138
769,107
531,138
850,107
487,138
701,107
485,138
793,107
530,138
649,107
466,138
1178,107
1333,138
665,107
521,138
786,107
517,138
698,107
480,138
683,109
703,138
622,109
417,138
1319,109
1260,138
667,109
467,138
1161,109
943,138
840,109
618,138
1188,109
797,138
629,109
484,138
757,109
421,138
827,109
479,138
901,106
605,138
734,106
683,138
1615,106
1458,138
616,106
646,138
898,106
637,138
699,106
520,138
719,106
422,138
791,106
454,138
886,106
684,138
719,106
443,138
640,107
468,136
676,107
566,136
823,107
429,136
671,107
475,136
909,107
701,136
798,107
519,136
680,107
464,136
666,107
451,136
743,107
512,136
689,107
500,136
753,107
580,140
852,107
562,140
1029,107
908,140
795,107
459,140
937,107
926,140
735,107
478,140
695,107
476,140
808,107
486,140
708,107
487,140
718,107
517,140
699,110
716,140
851,110
659,140
1194,110
985,140
759,110
567,140
1317,110
933,140
779,110
438,140
844,110
685,140
640,110
417,140
694,110
467,140
982,110
489,140
1137,107
569,130
669,107
507,130
767,107
931,130
3171,107
3068,130
736,107
652,130
647,107
445,130
839,107
630,130
719,107
580,130
761,107
496,130
684,107
520,130
783,106
650,138
737,106
541,138
668,106
567,138
720,106
482,138
734,106
500,138
845,106
520,138
1022,106
561,138
663,106
430,138
646,106
438,138
686,106
470,138
753,108
669,140
770,108
503,140
776,108
556,140
673,108
476,140
678,108
508,140
700,108
468,140
740,108
513,140
676,108
468,140
765,108
515,140
648,108
431,140
892,109
592,140
697,109
456,140
746,109
779,140
1060,109
676,140
1122,109
765,140
729,109
419,140
707,109
465,140
899,109
657,140
730,109
484,140
689,109
455,140
