435,86
257,106
454,86
380,106
517,86
272,106
535,86
279,106
424,86
278,106
595,86
441,106
442,86
300,106
398,86
323,106
453,86
332,106
419,86
257,106
493,84
361,108
497,84
417,108
503,84
329,108
412,84
279,108
437,84
334,108
531,84
320,108
625,84
258,108
493,84
356,108
417,84
266,108
406,84
266,108
556,84
369,108
389,84
276,108
427,84
330,108
554,84
309,108
408,84
277,108
624,84
454,108
532,84
421,108
741,84
539,108
386,84
287,108
417,84
317,108
380,84
310,108
417,84
316,108
504,84
324,108
589,84
334,108
344,84
277,108
463,84
983,108
770,84
513,108
502,84
369,108
412,84
275,108
427,84
297,108
420,82
338,108
653,82
524,108
686,82
319,108
383,82
274,108
655,82
346,108
405,82
272,108
419,82
326,108
697,82
483,108
414,82
295,108
433,82
294,108
723,84
401,108
646,84
597,108
416,84
277,108
428,84
337,108
426,84
336,108
711,84
446,108
379,84
253,108
394,84
264,108
439,84
310,108
403,84
256,108
370,81
259,108
451,81
368,108
437,81
281,108
554,81
355,108
405,81
279,108
584,81
698,108
398,81
268,108
496,81
447,108
409,81
470,108
381,81
256,108
464,85
355,110
469,85
277,110
399,85
274,110
396,85
256,110
393,85
487,110
401,85
279,110
483,85
282,110
486,85
277,110
509,85
434,110
370,85
262,110
407,84
294,110
497,84
390,110
447,84
289,110
536,84
354,110
512,84
349,110
567,84
445,110
784,84
400,110
522,84
376,110
402,84
269,110
512,84
330,110
580,87
441,110
551,87
262,110
469,87
380,110
759,87
503,110
506,87
379,110
708,87
535,110
434,87
263,110
555,87
332,110
416,87
268,110
468,87
313,110
