121,8
119,14
165,8
100,14
200,8
126,14
25,8
39,14
83,8
15,14
68,8
14,14
43,8
12,14
100,8
17,14
120,8
14,14
150,8
34,14
55,9
13,14
93,9
77,14
52,9
18,14
134,9
125,14
49,9
39,14
69,9
16,14
60,9
14,14
66,9
14,14
137,9
166,14
66,9
13,14
54,9
17,12
160,9
182,12
214,9
148,12
34,9
42,12
83,9
21,12
67,9
13,12
113,9
17,12
213,9
122,12
49,9
13,12
71,9
14,12
56,9
14,14
58,9
14,14
158,9
137,14
247,9
122,14
58,9
14,14
262,9
182,14
165,9
73,14
58,9
14,14
73,9
14,14
187,9
84,14
350,7
194,12
61,7
17,12
60,7
14,12
166,7
65,12
68,7
13,12
190,7
111,12
235,7
198,12
55,7
13,12
72,7
15,12
62,7
14,12
81,9
60,14
118,9
66,14
173,9
20,14
63,9
15,14
17,9
37,14
60,9
89,14
141,9
87,14
154,9
104,14
194,9
44,14
124,9
55,14
141,10
296,14
151,10
24,14
244,10
161,14
229,10
120,14
73,10
14,14
75,10
14,14
209,10
127,14
69,10
17,14
239,10
131,14
185,10
115,14
60,8
16,12
107,8
16,12
52,8
18,12
59,8
14,12
20,8
45,12
144,8
132,12
206,8
139,12
160,8
103,12
233,8
101,12
263,8
208,12
93,9
16,12
205,9
143,12
26,9
58,12
127,9
52,12
171,9
127,12
60,9
14,12
115,9
39,12
61,9
13,12
62,9
17,12
58,9
15,12
53,9
15,14
89,9
23,14
104,9
20,14
264,9
268,14
18,9
38,14
329,9
309,14
180,9
36,14
66,9
15,14
70,9
17,14
59,9
15,14
