1702,141
1316,176
1386,141
903,176
1194,141
860,176
1249,141
847,176
1754,141
1448,176
1249,141
874,176
1228,141
887,176
1896,141
868,176
1189,141
839,176
1160,141
735,176
1252,139
1191,176
1708,139
1854,176
1209,139
985,176
1341,139
1025,176
1357,139
1018,176
1433,139
956,176
1052,139
707,176
1044,139
880,176
1180,139
715,176
1155,139
710,176
1213,141
743,176
1696,141
1245,176
1169,141
744,176
1231,141
810,176
1273,141
867,176
1207,141
934,176
1610,141
896,176
1231,141
824,176
1166,141
819,176
1068,141
721,176
1197,140
757,176
1507,140
931,176
1110,140
725,176
1356,140
1028,176
1347,140
970,176
1066,140
751,176
1196,140
805,176
1203,140
904,176
1396,140
928,176
1081,140
813,176
1237,140
926,178
1221,140
881,178
1224,140
844,178
1257,140
747,178
1251,140
887,178
1107,140
720,178
1178,140
830,178
1236,140
761,178
1085,140
755,178
1141,140
753,178
1247,137
1028,174
1054,137
1011,174
1171,137
894,174
1179,137
814,174
1116,137
733,174
1262,137
783,174
1349,137
733,174
1205,137
847,174
1184,137
810,174
1684,137
1264,174
1122,143
724,178
1180,143
813,178
1252,143
796,178
1212,143
821,178
1462,143
834,178
1212,143
819,178
1171,143
810,178
1719,143
1099,178
1140,143
763,178
1232,143
800,178
1322,136
944,180
1232,136
1121,180
1356,136
786,180
1480,136
865,180
1664,136
759,180
1142,136
887,180
1161,136
845,180
1305,136
763,180
1150,136
823,180
1190,136
797,180
1332,136
1200,176
1400,136
1276,176
1199,136
806,176
1229,136
1089,176
1139,136
949,176
1104,136
745,176
1150,136
815,176
1165,136
822,176
1218,136
811,176
1107,136
739,176
1149,144
759,174
1350,144
769,174
1251,144
835,174
1226,144
771,174
1120,144
1511,174
1076,144
716,174
1121,144
722,174
1095,144
715,174
1297,144
804,174
1336,144
1000,174
