377,76
283,100
484,76
313,100
341,76
228,100
338,76
239,100
466,76
373,100
347,76
228,100
505,76
386,100
392,76
297,100
505,76
229,100
431,76
291,100
399,76
273,96
438,76
256,96
318,76
227,96
477,76
342,96
421,76
322,96
334,76
224,96
487,76
445,96
424,76
324,96
1613,76
1439,96
382,76
309,96
527,75
411,100
418,75
246,100
392,75
332,100
973,75
492,100
462,75
276,100
355,75
235,100
329,75
216,100
369,75
255,100
423,75
252,100
540,75
430,100
369,76
239,100
335,76
208,100
392,76
294,100
514,76
472,100
340,76
221,100
307,76
345,100
647,76
679,100
410,76
337,100
339,76
225,100
387,76
304,100
335,76
223,102
377,76
234,102
741,76
354,102
593,76
315,102
450,76
311,102
447,76
216,102
364,76
244,102
389,76
273,102
338,76
227,102
334,76
226,102
424,76
244,98
421,76
355,98
429,76
278,98
473,76
316,98
409,76
270,98
647,76
815,98
759,76
1262,98
438,76
267,98
357,76
205,98
372,76
299,98
384,75
309,102
336,75
211,102
341,75
225,102
949,75
1000,102
366,75
268,102
617,75
502,102
463,75
361,102
425,75
248,102
430,75
278,102
554,75
408,102
392,78
287,98
388,78
305,98
369,78
271,98
833,78
456,98
358,78
281,98
307,78
222,98
348,78
210,98
444,78
299,98
362,78
239,98
330,78
210,98
422,78
319,102
638,78
468,102
467,78
312,102
317,78
214,102
491,78
286,102
320,78
231,102
737,78
586,102
608,78
886,102
690,78
577,102
348,78
249,102
423,79
253,100
415,79
370,100
500,79
324,100
339,79
222,100
498,79
460,100
352,79
228,100
370,79
210,100
420,79
300,100
494,79
324,100
344,79
226,100
