2022,127
1201,160
1269,127
686,160
5397,127
4465,160
2474,127
4251,160
1507,127
1191,160
2918,127
890,160
1990,127
1418,160
1264,127
641,160
1206,127
848,160
1637,127
714,160
1143,123
1081,160
868,123
575,160
1149,123
921,160
906,123
585,160
1248,123
1003,160
871,123
997,160
1179,123
866,160
1036,123
789,160
871,123
608,160
934,123
816,160
1649,125
1565,160
996,125
591,160
999,125
824,160
901,125
567,160
1035,125
600,160
884,125
573,160
1917,125
910,160
1274,125
671,160
1074,125
754,160
2082,125
997,160
937,126
774,162
1353,126
864,162
1131,126
820,162
1171,126
1027,162
1234,126
894,162
1135,126
751,162
912,126
619,162
867,126
618,162
969,126
735,162
842,126
726,162
930,127
663,154
1105,127
634,154
924,127
594,154
1376,127
689,154
924,127
695,154
1022,127
637,154
1042,127
751,154
1197,127
700,154
1018,127
600,154
1019,127
643,154
898,123
1237,158
940,123
676,158
1005,123
764,158
1369,123
966,158
1224,123
673,158
988,123
669,158
1431,123
733,158
956,123
634,158
1067,123
684,158
957,123
648,158
998,128
671,158
1511,128
948,158
1162,128
804,158
2321,128
1322,158
944,128
645,158
994,128
694,158
950,128
619,158
963,128
602,158
884,128
590,158
1084,128
790,158
1110,126
621,156
1109,126
598,156
1559,126
637,156
1120,126
826,156
1193,126
672,156
964,126
640,156
921,126
666,156
969,126
598,156
890,126
661,156
1004,126
731,156
919,124
665,158
1558,124
883,158
961,124
642,158
1341,124
700,158
1086,124
843,158
1072,124
835,158
914,124
569,158
849,124
601,158
916,124
580,158
1054,124
607,158
862,125
615,156
1116,125
838,156
950,125
636,156
911,125
671,156
1072,125
830,156
1128,125
721,156
1049,125
846,156
889,125
616,156
853,125
553,156
1003,125
727,156
