3634,238
2087,284
4646,238
3260,284
3228,238
2003,284
3592,238
2163,284
3404,238
2163,284
3260,238
2726,284
3380,238
2187,284
3668,238
2408,284
3841,238
2798,284
3333,238
2069,284
3555,236
2245,288
3581,236
3147,288
4168,236
3263,288
3861,236
2353,288
3742,236
2713,288
3281,236
2084,288
3384,236
2176,288
3548,236
2613,288
4693,236
3182,288
4332,236
3090,288
4239,231
2676,282
8372,231
6311,282
3605,231
2155,282
4273,231
5524,282
3896,231
2601,282
3614,231
2668,282
4278,231
3109,282
3311,231
2047,282
3403,231
2579,282
3764,231
2402,282
4489,236
4075,284
3381,236
2169,284
4576,236
3373,284
4589,236
3414,284
4119,236
2453,284
4176,236
3137,284
4532,236
4638,284
3349,236
2155,284
3615,236
2295,284
3303,236
2086,284
5093,237
5573,284
3333,237
2128,284
3475,237
2123,284
6408,237
3087,284
3400,237
2612,284
4448,237
4383,284
3518,237
2374,284
3360,237
2139,284
3912,237
2817,284
4418,237
3281,284
5490,239
3221,286
3738,239
2512,286
3667,239
2361,286
3693,239
2513,286
3693,239
2068,286
3453,239
2345,286
3853,239
2536,286
3680,239
2419,286
3442,239
2283,286
3687,239
2075,286
3516,237
2388,288
3435,237
2295,288
3566,237
2619,288
3464,237
2405,288
3184,237
2048,288
3404,237
2156,288
3632,237
2504,288
3551,237
2342,288
3279,237
2111,288
3261,237
2061,288
3454,232
2544,286
3442,232
2279,286
3684,232
2313,286
3654,232
2587,286
3236,232
2132,286
4155,232
2409,286
3312,232
2260,286
3458,232
2251,286
3266,232
2074,286
3249,232
2080,286
3685,241
2525,288
3788,241
2361,288
3963,241
2693,288
3799,241
2565,288
3663,241
2362,288
4346,241
2913,288
4483,241
3134,288
3280,241
2437,288
3705,241
2678,288
3314,241
2141,288
4114,232
2313,284
3542,232
2232,284
4771,232
3589,284
4355,232
2383,284
3836,232
2517,284
3358,232
2096,284
3661,232
2423,284
3556,232
2501,284
3649,232
2373,284
3625,232
2075,284
