1720,164
1037,204
1660,164
1089,204
2182,164
1510,204
1651,164
987,204
1582,164
1033,204
1661,164
1007,204
1680,164
1196,204
1509,164
982,204
1647,164
1133,204
1647,164
1111,204
1751,165
1291,206
1948,165
1364,206
1827,165
1297,206
1551,165
1026,206
1897,165
1260,206
1670,165
1830,206
1717,165
1203,206
1642,165
1134,206
1565,165
1200,206
1664,165
1279,206
1699,167
1047,206
1785,167
1001,206
1688,167
1156,206
1701,167
1227,206
1831,167
1033,206
1686,167
1117,206
1925,167
1492,206
1528,167
1011,206
1781,167
1086,206
2035,167
1397,206
2509,170
2420,212
1772,170
1257,212
1703,170
1181,212
1729,170
1145,212
1659,170
1325,212
2023,170
1235,212
1777,170
1077,212
1805,170
1523,212
1765,170
1177,212
1732,170
1385,212
1710,170
1136,208
1953,170
1044,208
1736,170
1072,208
1816,170
1193,208
1811,170
1129,208
1929,170
1401,208
1690,170
1119,208
1662,170
1061,208
1774,170
1254,208
1530,170
1030,208
1761,171
1264,210
1899,171
1078,210
1551,171
1012,210
1729,171
1183,210
1701,171
1116,210
1524,171
1000,210
2024,171
1504,210
1534,171
984,210
1874,171
1344,210
1727,171
1129,210
1836,165
1129,204
1643,165
1166,204
1504,165
1175,204
2218,165
1333,204
1588,165
1254,204
2373,165
1177,204
1628,165
1056,204
1657,165
1054,204
1529,165
987,204
1536,165
1221,204
1793,166
1084,206
1741,166
1299,206
1763,166
1296,206
1752,166
1061,206
1817,166
1113,206
1722,166
1179,206
1542,166
1192,206
1693,166
1014,206
1713,166
1154,206
1768,166
1401,206
2087,167
1429,202
1774,167
1131,202
1720,167
1154,202
1608,167
1014,202
1764,167
1169,202
1717,167
1217,202
2185,167
1222,202
1737,167
1176,202
1646,167
1232,202
1697,167
1133,202
1599,167
1104,204
1645,167
1036,204
1701,167
1048,204
1516,167
1020,204
2070,167
1381,204
1834,167
1324,204
1693,167
1035,204
1654,167
1228,204
1564,167
1164,204
1707,167
1121,204
