3357,211
2365,254
2853,211
1740,254
2855,211
1784,254
2773,211
1877,254
3132,211
2028,254
2954,211
2032,254
2924,211
1713,254
2856,211
1664,254
3714,211
3077,254
3620,211
2629,254
3247,214
1861,254
2922,214
1781,254
2903,214
1824,254
2719,214
1716,254
2688,214
1693,254
3886,214
2096,254
3039,214
2019,254
2751,214
1888,254
3182,214
1758,254
2944,214
2966,254
2750,206
1961,254
2809,206
2252,254
2815,206
2094,254
2657,206
2084,254
2790,206
1831,254
2520,206
1604,254
3131,206
1914,254
2448,206
1655,254
2596,206
1709,254
2587,206
1705,254
3501,212
2527,256
3587,212
2593,256
2664,212
1696,256
2825,212
1782,256
2742,212
1854,256
2887,212
1976,256
2809,212
1876,256
2820,212
1877,256
2758,212
1668,256
3159,212
2122,256
4062,213
2953,256
2645,213
1694,256
2794,213
1957,256
2610,213
1610,256
2973,213
1742,256
2795,213
1958,256
2635,213
1683,256
2976,213
2080,256
3186,213
1988,256
2812,213
1667,256
3401,210
2220,254
2883,210
2076,254
2831,210
1648,254
2543,210
1678,254
2837,210
1941,254
2857,210
1635,254
2674,210
1611,254
3387,210
2190,254
2804,210
1719,254
3040,210
1840,254
3048,209
2080,252
2546,209
1671,252
2820,209
2159,252
2710,209
1717,252
2943,209
2045,252
2771,209
1653,252
2646,209
1663,252
2614,209
1736,252
3297,209
2356,252
2763,209
1879,252
3810,209
2672,258
2520,209
1654,258
2684,209
1768,258
2595,209
1656,258
2616,209
1662,258
2903,209
1879,258
3333,209
1867,258
2699,209
1745,258
2987,209
1887,258
2728,209
1781,258
3176,211
2567,260
2582,211
1667,260
2980,211
2567,260
2911,211
1864,260
2596,211
1663,260
3000,211
1840,260
2921,211
2622,260
3229,211
2163,260
3234,211
1843,260
2557,211
1603,260
3321,208
2534,256
2856,208
1958,256
2481,208
1908,256
2549,208
2064,256
3536,208
2668,256
2935,208
1796,256
2592,208
2131,256
4936,208
4117,256
3223,208
2657,256
3021,208
1963,256
