3086,217
2749,264
3371,217
2239,264
3074,217
1833,264
3607,217
2357,264
3055,217
2004,264
3816,217
2986,264
3180,217
2012,264
2946,217
1903,264
3052,217
2032,264
2949,217
3742,264
3018,218
1827,266
4337,218
3925,266
3143,218
1927,266
3009,218
3217,266
3114,218
1849,266
2882,218
1845,266
2880,218
1773,266
3170,218
3336,266
3757,218
2799,266
4052,218
3019,266
2955,216
2131,266
4062,216
2704,266
3883,216
2455,266
2799,216
1806,266
3149,216
1796,266
3015,216
1995,266
3074,216
1904,266
2833,216
2046,266
2763,216
1817,266
2923,216
1890,266
3503,217
2556,262
3086,217
1811,262
3012,217
1895,262
3862,217
1860,262
2866,217
1813,262
3069,217
2046,262
2987,217
1781,262
2932,217
2036,262
2989,217
1950,262
2796,217
1778,262
3359,216
2163,266
2897,216
1900,266
2861,216
1816,266
4213,216
2132,266
3006,216
1899,266
3174,216
1989,266
3330,216
2132,266
2868,216
1905,266
3329,216
2107,266
2858,216
2056,266
3675,222
2432,268
4144,222
2449,268
3022,222
1937,268
3195,222
2012,268
2986,222
2573,268
3278,222
2429,268
3189,222
1940,268
2965,222
1805,268
2870,222
2497,268
3108,222
1811,268
3059,220
2001,266
3096,220
3934,266
2960,220
1990,266
2805,220
2093,266
2826,220
1818,266
2859,220
1908,266
2902,220
1940,266
2839,220
1789,266
2979,220
1987,266
3089,220
2112,266
3049,222
1933,260
3105,222
2061,260
3197,222
1934,260
3004,222
1791,260
3025,222
2068,260
3356,222
2355,260
3060,222
2061,260
2937,222
2008,260
2993,222
1860,260
3275,222
2230,260
3093,218
2047,264
3815,218
2723,264
2916,218
1902,264
3128,218
1847,264
3076,218
2042,264
3826,218
2554,264
3074,218
1859,264
3876,218
4738,264
3143,218
2016,264
2769,218
1836,264
2777,218
1834,266
3091,218
2049,266
3073,218
2138,266
3033,218
2388,266
3145,218
1893,266
3018,218
1707,266
2984,218
1768,266
2948,218
1771,266
2732,218
1886,266
3082,218
1977,266
