3597,232
2373,274
3375,232
2224,274
3322,232
2029,274
3767,232
2127,274
3342,232
2232,274
3368,232
2239,274
3404,232
2139,274
3287,232
2180,274
3987,232
2211,274
3485,232
2004,274
4184,224
2608,274
3195,224
2116,274
3050,224
1938,274
3084,224
1918,274
3397,224
2389,274
3299,224
2181,274
3356,224
1904,274
3219,224
2132,274
2986,224
1933,274
3265,224
2127,274
3314,226
1944,278
3594,226
2715,278
3346,226
2005,278
3133,226
1959,278
3020,226
2158,278
3032,226
1913,278
3371,226
2062,278
3330,226
2181,278
3383,226
2175,278
3176,226
2113,278
3050,224
2051,274
3349,224
2355,274
3206,224
2092,274
3234,224
2240,274
3085,224
2110,274
3245,224
2182,274
3498,224
2608,274
3259,224
2209,274
3224,224
1924,274
3502,224
2331,274
4060,222
3136,278
3614,222
2186,278
2942,222
2111,278
3232,222
2190,278
3316,222
1912,278
3388,222
2028,278
3040,222
1887,278
3324,222
2161,278
3258,222
2039,278
3492,222
2216,278
3484,229
2153,276
3338,229
1932,276
3670,229
2800,276
3337,229
2044,276
3434,229
2071,276
3354,229
2115,276
3407,229
2147,276
3347,229
1898,276
3347,229
2132,276
3061,229
1922,276
3272,228
2239,276
3364,228
2214,276
3263,228
2708,276
3286,228
2299,276
3388,228
1957,276
3087,228
1981,276
4265,228
2778,276
3360,228
2225,276
3375,228
2177,276
3272,228
2226,276
3723,225
2321,278
3225,225
2132,278
3057,225
2230,278
3251,225
2120,278
3388,225
2215,278
3318,225
2154,278
3415,225
1923,278
3627,225
2784,278
3015,225
1904,278
3483,225
2067,278
3099,227
1986,276
3338,227
2251,276
3271,227
2211,276
3637,227
2149,276
3070,227
1979,276
3911,227
2466,276
3550,227
2343,276
3169,227
2190,276
3014,227
1940,276
3239,227
2208,276
3329,223
2273,272
3741,223
2499,272
3417,223
2168,272
3170,223
2007,272
3224,223
2121,272
3177,223
2349,272
3374,223
2076,272
3221,223
2109,272
3087,223
2016,272
3328,223
2250,272
