2126,183
1340,224
2034,183
1374,224
2103,183
1433,224
2113,183
1563,224
2012,183
1275,224
1908,183
1880,224
1940,183
1284,224
2276,183
1563,224
2307,183
1433,224
2136,183
1432,224
2567,183
1326,226
2212,183
1615,226
2142,183
1766,226
2021,183
1424,226
1883,183
1224,226
1880,183
1236,226
2472,183
1652,226
2005,183
1276,226
1979,183
1394,226
2095,183
1463,226
2379,180
1667,226
2199,180
1619,226
1845,180
1230,226
2243,180
1642,226
2299,180
1819,226
2149,180
1277,226
2020,180
1503,226
1975,180
1446,226
1839,180
1283,226
1994,180
1279,226
2464,184
1416,222
1991,184
1303,222
2407,184
1725,222
1889,184
1244,222
2586,184
1581,222
1945,184
1432,222
1940,184
1304,222
2174,184
1407,222
2079,184
1356,222
1965,184
1336,222
2155,185
1548,224
2254,185
1501,224
2217,185
1293,224
2026,185
1282,224
2310,185
1427,224
2893,185
1796,224
2131,185
1410,224
2355,185
1735,224
2731,185
1344,224
2322,185
1451,224
2143,182
1940,224
2147,182
1458,224
2186,182
1346,224
2118,182
1487,224
2186,182
1195,224
2104,182
1208,224
1950,182
1374,224
1935,182
1357,224
2451,182
1492,224
2017,182
1232,224
2375,185
1372,226
2007,185
1294,226
2170,185
1428,226
2441,185
1622,226
2060,185
1296,226
2579,185
1811,226
2070,185
1505,226
2125,185
1504,226
2201,185
1443,226
2048,185
1275,226
2361,183
1926,226
2189,183
1394,226
2208,183
1342,226
2011,183
1394,226
2095,183
1505,226
2021,183
1313,226
2477,183
1854,226
1907,183
1229,226
3081,183
2000,226
2035,183
1396,226
3003,184
2276,228
2245,184
1480,228
1997,184
1287,228
2122,184
1347,228
1899,184
1280,228
2058,184
1409,228
1897,184
1293,228
1962,184
1259,228
1902,184
1421,228
2191,184
1597,228
2181,184
1451,228
2014,184
1267,228
2138,184
1309,228
2061,184
1308,228
2143,184
1499,228
2031,184
1385,228
2571,184
1430,228
2229,184
1616,228
1934,184
1290,228
2133,184
1492,228
