3254,203
1855,246
3164,203
1510,246
2308,203
1718,246
2556,203
1506,246
2337,203
1597,246
2479,203
1552,246
2333,203
1439,246
2571,203
1771,246
2509,203
1514,246
2301,203
1460,246
2666,202
1496,246
2782,202
1775,246
2715,202
1874,246
2461,202
1717,246
3355,202
1728,246
2354,202
1599,246
2541,202
1592,246
2444,202
1564,246
2370,202
1631,246
2964,202
2120,246
3285,201
2809,246
2334,201
1619,246
3054,201
1702,246
2508,201
1723,246
2504,201
1627,246
2647,201
1767,246
2578,201
1687,246
2616,201
1680,246
2714,201
1769,246
2470,201
1546,246
2526,200
2169,246
3027,200
2213,246
2399,200
1622,246
2580,200
1709,246
2453,200
1524,246
2333,200
1453,246
2667,200
1560,246
2418,200
1483,246
2385,200
1564,246
2518,200
1524,246
2933,208
3146,248
3127,208
2197,248
2367,208
1486,248
2697,208
1858,248
2410,208
1515,248
2723,208
1778,248
2617,208
1785,248
2705,208
1591,248
2590,208
1589,248
2894,208
1792,248
3374,200
1976,240
2812,200
1823,240
2556,200
1706,240
2487,200
1756,240
2603,200
2252,240
2355,200
1493,240
2437,200
1600,240
2343,200
1528,240
2543,200
1902,240
2691,200
1671,240
3137,200
1983,244
3225,200
1706,244
2404,200
1662,244
2861,200
1934,244
2378,200
1462,244
2557,200
1820,244
2499,200
1701,244
2720,200
1733,244
2497,200
1712,244
2753,200
1769,244
3686,198
3615,248
2541,198
1836,248
2478,198
1611,248
2352,198
1533,248
2631,198
2360,248
2378,198
1531,248
2632,198
1782,248
2348,198
1664,248
2361,198
1831,248
3078,198
2352,248
3822,203
2708,244
3151,203
2247,244
2503,203
1592,244
2401,203
1772,244
2444,203
1473,244
2497,203
1850,244
2582,203
1739,244
3288,203
2374,244
2694,203
1500,244
3139,203
2342,244
3928,205
1648,244
5038,205
4831,244
2717,205
2159,244
2380,205
1786,244
2744,205
2058,244
3167,205
2365,244
2398,205
1679,244
2425,205
1487,244
3135,205
2501,244
2538,205
1685,244
