1476,155
1045,194
1596,155
969,194
1595,155
956,194
1925,155
1194,194
1493,155
1077,194
1619,155
1175,194
1449,155
999,194
1489,155
977,194
1345,155
971,194
2206,155
986,194
1518,160
1135,200
1495,160
1047,200
2120,160
1802,200
1495,160
1054,200
1496,160
1040,200
1428,160
986,200
1881,160
1283,200
1531,160
957,200
1460,160
1059,200
1463,160
931,200
1782,157
1300,194
1503,157
1020,194
1591,157
1013,194
1927,157
1034,194
1387,157
905,194
1655,157
1189,194
1757,157
1231,194
1403,157
942,194
1403,157
1028,194
1451,157
1128,194
1408,156
892,198
1465,156
1015,198
1677,156
1131,198
1487,156
1066,198
1631,156
981,198
1474,156
1049,198
1699,156
1045,198
1534,156
974,198
1538,156
1037,198
1338,156
890,198
1556,164
992,198
1504,164
1029,198
2092,164
1853,198
1543,164
1182,198
1530,164
1110,198
1389,164
929,198
1705,164
1290,198
1591,164
1125,198
1728,164
1182,198
1460,164
1101,198
1560,163
1029,198
1403,163
915,198
1598,163
1110,198
1593,163
1911,198
1395,163
951,198
1627,163
1057,198
1536,163
1023,198
1492,163
1032,198
1608,163
968,198
1515,163
956,198
1551,161
1091,198
1627,161
1073,198
1815,161
1598,198
1413,161
952,198
1499,161
984,198
1552,161
1099,198
1596,161
1099,198
1559,161
1035,198
1678,161
1046,198
1820,161
1674,198
1747,158
1062,196
1474,158
1016,196
1838,158
1480,196
1682,158
1385,196
1647,158
964,196
1554,158
1053,196
1996,158
1694,196
1536,158
925,196
1608,158
1053,196
1483,158
956,196
2161,161
1137,196
1372,161
940,196
1512,161
1046,196
1942,161
1657,196
1419,161
955,196
1382,161
1007,196
1494,161
1064,196
1960,161
1715,196
1590,161
1058,196
1550,161
1019,196
1464,159
912,196
1562,159
986,196
2118,159
1110,196
1632,159
1103,196
1721,159
1100,196
1398,159
938,196
1502,159
1060,196
1467,159
989,196
1644,159
1234,196
1527,159
1067,196
