524,15
321,24
79,15
24,24
69,15
22,24
85,15
29,24
140,15
23,24
226,15
79,24
362,15
165,24
82,15
22,24
108,15
22,24
64,15
21,24
213,16
170,22
229,16
179,22
158,16
102,22
209,16
113,22
106,16
60,22
384,16
155,22
65,16
27,22
97,16
78,22
152,16
55,22
207,16
112,22
64,13
21,22
248,13
139,22
58,13
24,22
95,13
22,22
151,13
50,22
82,13
92,22
74,13
20,22
195,13
102,22
91,13
22,22
102,13
23,22
104,15
22,22
66,15
25,22
93,15
75,22
99,15
24,22
85,15
22,22
760,15
133,22
426,15
156,22
91,15
24,22
185,15
85,22
79,15
25,22
65,15
22,22
45,15
24,22
66,15
22,22
84,15
22,22
65,15
21,22
282,15
184,22
162,15
107,22
69,15
76,22
78,15
22,22
139,15
129,22
198,15
142,24
89,15
24,24
401,15
159,24
197,15
111,24
37,15
47,24
194,15
133,24
304,15
221,24
56,15
23,24
193,15
122,24
71,15
26,24
41,16
212,22
77,16
24,22
71,16
36,22
178,16
41,22
65,16
29,22
172,16
162,22
58,16
23,22
165,16
138,22
268,16
65,22
305,16
213,22
212,15
153,22
325,15
788,22
72,15
23,22
76,15
37,22
181,15
182,22
94,15
25,22
60,15
23,22
67,15
22,22
79,15
23,22
75,15
22,22
297,16
291,24
56,16
24,24
539,16
187,24
178,16
104,24
63,16
22,24
112,16
49,24
93,16
24,24
45,16
38,24
146,16
46,24
243,16
185,24
68,16
22,22
222,16
170,22
215,16
132,22
270,16
184,22
76,16
22,22
70,16
23,22
63,16
34,22
90,16
24,22
119,16
23,22
213,16
203,22
