2576,197
1687,234
2206,197
1442,234
2299,197
1433,234
2071,197
1352,234
2459,197
1582,234
2349,197
1527,234
2309,197
1534,234
2149,197
1347,234
2380,197
1474,234
2286,197
1501,234
2610,190
1642,234
3756,190
1805,234
2065,190
1327,234
2219,190
1420,234
2364,190
1511,234
2151,190
1411,234
2332,190
1563,234
2381,190
1547,234
2289,190
1555,234
2075,190
1399,234
2302,188
1814,234
2399,188
2852,234
2656,188
2089,234
2251,188
1483,234
3108,188
2209,234
2145,188
1476,234
2292,188
1451,234
2430,188
1726,234
2388,188
1466,234
3256,188
2381,234
2918,198
2335,232
3356,198
3078,232
2608,198
1851,232
2442,198
1660,232
3098,198
2145,232
2252,198
1553,232
2608,198
1759,232
2349,198
1531,232
2323,198
1430,232
2256,198
1469,232
2799,190
2638,236
2859,190
2129,236
2469,190
1573,236
2615,190
1626,236
2665,190
1786,236
2257,190
1465,236
2313,190
2174,236
2523,190
1650,236
2370,190
1493,236
2430,190
1488,236
2677,196
1661,234
2631,196
1500,234
2084,196
1329,234
2239,196
1519,234
2161,196
1424,234
2408,196
1569,234
2657,196
1657,234
2164,196
1349,234
2385,196
1444,234
2975,196
2261,234
2213,191
1801,236
2896,191
2410,236
2389,191
1445,236
2158,191
1390,236
2095,191
1347,236
2237,191
1501,236
2924,191
2094,236
2487,191
1741,236
2448,191
1614,236
2589,191
1441,236
2543,196
1530,236
3143,196
3019,236
2478,196
1658,236
2308,196
1542,236
2380,196
1398,236
2441,196
1550,236
2057,196
1342,236
2168,196
1352,236
2087,196
1525,236
2074,196
1301,236
2311,194
1572,234
2302,194
1609,234
2331,194
1603,234
2099,194
1469,234
2558,194
1803,234
2209,194
1475,234
2407,194
1423,234
2402,194
1490,234
2287,194
1364,234
2352,194
1594,234
2978,192
1830,234
2799,192
1949,234
2279,192
1463,234
2221,192
1516,234
2031,192
1359,234
2031,192
1380,234
2091,192
1435,234
2333,192
1438,234
2346,192
1490,234
2873,192
1669,234
