1913,175
1291,218
2039,175
1235,218
2146,175
1357,218
2691,175
1904,218
1785,175
1253,218
2041,175
1292,218
1785,175
1259,218
1931,175
1277,218
1840,175
1419,218
1759,175
1272,218
1871,176
1336,208
1758,176
1320,208
1976,176
1190,208
2335,176
1170,208
1937,176
1245,208
2143,176
1369,208
1726,176
1098,208
1931,176
1112,208
1749,176
1110,208
1763,176
1156,208
2015,175
1531,216
1924,175
1299,216
1739,175
1110,216
1771,175
1155,216
1765,175
1105,216
1883,175
1202,216
1694,175
1140,216
1705,175
1128,216
1990,175
1296,216
1888,175
1204,216
2115,174
1384,216
1985,174
1182,216
1880,174
1414,216
1950,174
1262,216
1892,174
1400,216
1712,174
1107,216
1944,174
1263,216
2032,174
1427,216
2038,174
1279,216
1925,174
1287,216
1989,179
1744,218
1873,179
1285,218
1947,179
1180,218
2117,179
1710,218
1909,179
1240,218
2147,179
1648,218
2005,179
1434,218
1877,179
1362,218
1732,179
1114,218
2008,179
1463,218
1935,175
1669,214
1931,175
1393,214
1963,175
1258,214
1782,175
1304,214
2432,175
1143,214
1699,175
1138,214
1946,175
1325,214
1950,175
1291,214
1872,175
1170,214
2123,175
1208,214
1924,172
1173,218
1879,172
1249,218
1817,172
1315,218
1922,172
1545,218
1884,172
1346,218
1733,172
1253,218
1683,172
1307,218
1741,172
1118,218
1873,172
1316,218
1837,172
1370,218
1827,178
1225,218
1801,178
1266,218
1920,178
1093,218
1907,178
1306,218
2195,178
1444,218
1745,178
1103,218
2111,178
1666,218
1884,178
1179,218
1870,178
1162,218
1785,178
1109,218
2020,172
1389,214
1969,172
1155,214
2065,172
1283,214
1799,172
1232,214
1772,172
1221,214
1937,172
1294,214
1764,172
1229,214
2062,172
1316,214
2301,172
1946,214
1766,172
1302,214
2527,176
1785,216
1854,176
1362,216
1826,176
1225,216
1841,176
1200,216
1777,176
1142,216
1754,176
1159,216
1767,176
1157,216
1760,176
1182,216
1722,176
1405,216
1940,176
1336,216
