6402,253
3454,306
3962,253
2367,306
4023,253
2651,306
4312,253
2420,306
4289,253
2623,306
4205,253
2643,306
4464,253
2957,306
4739,253
3352,306
3936,253
2883,306
5153,253
2965,306
5904,255
4563,300
4404,255
2876,300
4378,255
2849,300
4182,255
2695,300
4483,255
3017,300
5123,255
3590,300
4441,255
3181,300
4911,255
3467,300
4155,255
2702,300
4021,255
2487,300
5876,249
4695,306
4408,249
2947,306
3976,249
2541,306
4286,249
2628,306
4348,249
2555,306
4003,249
2498,306
4832,249
2936,306
4022,249
2548,306
4794,249
3329,306
4413,249
2999,306
5873,255
3433,306
4221,255
2846,306
3825,255
2857,306
4092,255
2599,306
5128,255
3567,306
3930,255
2502,306
4285,255
2766,306
4242,255
2580,306
5076,255
3014,306
3925,255
2722,306
5047,249
3731,306
4366,249
3206,306
3853,249
2898,306
4657,249
2663,306
6822,249
5552,306
4250,249
2873,306
4766,249
3326,306
3917,249
2512,306
5144,249
3268,306
4296,249
2492,306
5812,251
4161,300
3789,251
2724,300
4624,251
3107,300
4203,251
2580,300
4159,251
2640,300
4019,251
2620,300
4756,251
2996,300
4093,251
2753,300
4031,251
2576,300
4351,251
2970,300
5043,254
3714,300
4298,254
2672,300
4200,254
2535,300
4429,254
2617,300
4573,254
2401,300
4186,254
2814,300
4168,254
2731,300
4444,254
2903,300
3980,254
2449,300
3984,254
2517,300
5147,253
2949,298
4114,253
2694,298
4093,253
2531,298
4376,253
3025,298
4256,253
2783,298
4388,253
2443,298
4017,253
2561,298
4346,253
2798,298
3997,253
2564,298
4092,253
2422,298
4952,253
2910,302
4211,253
2725,302
4025,253
2617,302
4528,253
3030,302
4310,253
2810,302
3913,253
2356,302
4902,253
2830,302
4092,253
2438,302
4376,253
2901,302
4481,253
3159,302
5187,249
3155,304
4377,249
3265,304
5111,249
3585,304
4213,249
2897,304
4299,249
3112,304
4202,249
2863,304
3860,249
2404,304
3990,249
2590,304
4280,249
2774,304
3865,249
2459,304
