6461,291
3812,340
6598,291
3693,340
6586,291
4268,340
5971,291
4102,340
6718,291
3942,340
5601,291
3720,340
5325,291
3519,340
5380,291
3195,340
5932,291
3253,340
6084,291
4123,340
5852,288
4021,340
5942,288
4099,340
5720,288
3868,340
5334,288
3448,340
5405,288
3505,340
5410,288
3245,340
6523,288
4387,340
5570,288
3519,340
5551,288
3598,340
6807,288
4688,340
5707,289
3396,340
6041,289
3349,340
6089,289
3402,340
5578,289
3303,340
5644,289
3800,340
6072,289
3271,340
5986,289
3655,340
5447,289
3328,340
5489,289
3663,340
5365,289
3295,340
6289,286
4406,348
6875,286
3451,348
5807,286
3362,348
6067,286
4088,348
5958,286
3684,348
5444,286
3456,348
6301,286
3586,348
5566,286
3604,348
5901,286
3248,348
5472,286
6580,348
5924,288
3835,346
5819,288
3732,346
5884,288
3901,346
5680,288
3376,346
5874,288
3493,346
5538,288
3428,346
5484,288
4337,346
6335,288
3395,346
5335,288
3342,346
5352,288
3116,346
5767,289
3470,342
5925,289
3690,342
6080,289
3843,342
5836,289
3713,342
5569,289
3573,342
5526,289
3652,342
5436,289
4128,342
5939,289
3406,342
5932,289
3838,342
5873,289
4249,342
6467,288
4581,346
6166,288
4118,346
5821,288
3473,346
5701,288
3492,346
6274,288
3619,346
8320,288
5125,346
7044,288
5052,346
5319,288
3314,346
5560,288
3596,346
5797,288
3779,346
8890,291
6237,346
5300,291
3231,346
5546,291
3660,346
5848,291
3315,346
5829,291
3657,346
5379,291
3153,346
5464,291
3547,346
5193,291
3232,346
5543,291
3517,346
5205,291
3189,346
6163,289
4517,344
5359,289
3335,344
5700,289
4175,344
5583,289
3326,344
6008,289
3383,344
5237,289
3778,344
6048,289
3855,344
6193,289
3449,344
5548,289
3985,344
5995,289
3809,344
6787,291
4568,344
6604,291
3671,344
5446,291
3595,344
6111,291
3736,344
5782,291
3749,344
6262,291
3639,344
5312,291
3335,344
5837,291
3791,344
5310,291
3307,344
5597,291
3524,344
