5127,277
3286,330
5620,277
3091,330
5055,277
3317,330
5202,277
3509,330
5651,277
3522,330
5539,277
3513,330
5083,277
3174,330
5104,277
3438,330
5176,277
3608,330
6219,277
4064,330
5744,274
3382,334
5079,274
3310,334
5235,274
3717,334
4991,274
3539,334
5656,274
3543,334
6662,274
5009,334
4906,274
3540,334
4994,274
3308,334
5390,274
3273,334
5512,274
3248,334
5214,282
3066,334
5956,282
3246,334
5042,282
3254,334
5364,282
3652,334
5098,282
3419,334
5200,282
3669,334
5414,282
3997,334
4916,282
3175,334
5015,282
3544,334
5290,282
3409,334
5334,276
3621,332
5128,276
3201,332
6437,276
4161,332
4914,276
4864,332
5375,276
3445,332
6748,276
4832,332
5054,276
3365,332
5645,276
3699,332
5166,276
3433,332
5932,276
3971,332
5902,283
3851,334
5247,283
3752,334
5114,283
3654,334
5719,283
3329,334
5351,283
3494,334
5737,283
3324,334
5450,283
3269,334
5754,283
3860,334
6113,283
3554,334
5330,283
3356,334
5155,279
3484,332
5547,279
3768,332
5153,279
3112,332
6035,279
3521,332
5939,279
3361,332
5220,279
3349,332
6011,279
3357,332
5594,279
3431,332
5292,279
3212,332
5344,279
3659,332
5136,281
3367,332
5278,281
3548,332
5468,281
3883,332
4869,281
3051,332
5220,281
3691,332
5635,281
3686,332
5111,281
3526,332
5171,281
3254,332
5384,281
3510,332
5219,281
3300,332
5532,276
4099,332
5585,276
3634,332
6485,276
3675,332
4884,276
3463,332
5278,276
3148,332
5086,276
3264,332
5455,276
3552,332
5232,276
3449,332
5166,276
3200,332
5267,276
3423,332
5666,278
4735,334
5469,278
3337,334
5041,278
3419,334
5349,278
3111,334
5130,278
3294,334
4784,278
3208,334
5304,278
3446,334
5761,278
3262,334
5348,278
3998,334
5354,278
3551,334
5429,278
3620,334
5589,278
3642,334
5532,278
3614,334
5830,278
4098,334
5007,278
3913,334
6257,278
3801,334
4832,278
3042,334
5217,278
3370,334
5218,278
3411,334
5221,278
3588,334
