91,21
34,32
76,21
31,32
95,21
40,32
67,21
33,32
209,21
211,32
279,21
196,32
116,21
45,32
166,21
103,32
250,21
169,32
224,21
38,32
820,24
230,30
103,24
70,30
47,24
64,30
69,24
94,30
170,24
34,30
230,24
233,30
213,24
146,30
273,24
218,30
291,24
207,30
269,24
228,30
74,22
32,32
224,22
380,32
328,22
249,32
78,22
32,32
132,22
51,32
447,22
233,32
183,22
44,32
324,22
263,32
76,22
32,32
57,22
77,32
293,22
50,32
77,22
40,32
88,22
32,32
127,22
66,32
64,22
47,32
103,22
80,32
305,22
152,32
201,22
134,32
94,22
36,32
165,22
83,32
317,23
238,32
83,23
33,32
72,23
38,32
99,23
36,32
68,23
63,32
86,23
112,32
214,23
153,32
278,23
222,32
163,23
94,32
80,23
34,32
157,22
68,32
84,22
34,32
222,22
97,32
82,22
32,32
93,22
32,32
92,22
33,32
117,22
81,32
109,22
82,32
159,22
99,32
396,22
492,32
175,20
149,30
101,20
56,30
115,20
51,30
93,20
35,30
96,20
37,30
81,20
34,30
283,20
234,30
193,20
124,30
192,20
100,30
86,20
33,30
85,22
38,32
76,22
34,32
222,22
127,32
91,22
34,32
226,22
222,32
176,22
105,32
76,22
61,32
181,22
48,32
91,22
35,32
87,22
34,32
456,22
80,34
55,22
59,34
158,22
133,34
298,22
238,34
149,22
159,34
214,22
139,34
279,22
212,34
388,22
243,34
140,22
72,34
175,22
115,34
231,23
150,32
173,23
110,32
351,23
84,32
55,23
105,32
95,23
33,32
101,23
37,32
91,23
32,32
66,23
38,32
252,23
242,32
85,23
32,32
