8364,324
5426,386
7080,324
5024,386
10942,324
7164,386
8375,324
6063,386
10824,324
7132,386
10663,324
7529,386
13964,324
7016,386
9466,324
6457,386
14214,324
5024,386
9841,324
6372,386
11971,320
7195,388
9699,320
7861,388
11392,320
6271,388
9039,320
7554,388
8860,320
7372,388
11139,320
8066,388
12622,320
9083,388
9968,320
6106,388
10244,320
6514,388
10146,320
5977,388
9843,321
5552,382
8971,321
5809,382
11479,321
7346,382
10958,321
7096,382
11438,321
7703,382
9974,321
6690,382
10969,321
7501,382
9651,321
6732,382
8630,321
5132,382
8392,321
5653,382
12218,320
9706,382
8540,320
5883,382
10749,320
6636,382
11137,320
7474,382
10937,320
5825,382
11258,320
7977,382
10126,320
6392,382
10345,320
7884,382
10388,320
5590,382
8072,320
5229,382
8132,321
5265,382
7468,321
4936,382
7353,321
4884,382
7678,321
4792,382
7240,321
4803,382
7316,321
4904,382
7608,321
4616,382
8868,321
8129,382
8255,321
5207,382
7614,321
4251,382
7589,324
4958,380
7300,324
4786,380
11722,324
9076,380
10220,324
7701,380
9056,324
6163,380
12959,324
8526,380
8286,324
4698,380
10156,324
6688,380
7281,324
5568,380
8106,324
4379,380
7343,324
4537,382
7505,324
4702,382
8237,324
5733,382
7761,324
4418,382
7100,324
4279,382
7334,324
4526,382
7515,324
4464,382
6980,324
4386,382
7205,324
4556,382
8367,324
4508,382
7890,321
5240,380
7313,321
4946,380
8069,321
5393,380
7588,321
5067,380
7880,321
5030,380
7001,321
5014,380
7713,321
4568,380
6958,321
4596,380
8024,321
5042,380
7666,321
4988,380
8356,328
7999,384
8535,328
5763,384
9256,328
6331,384
7246,328
4522,384
8330,328
4731,384
7281,328
4879,384
7279,328
4829,384
7522,328
4810,384
7067,328
5154,384
7063,328
4491,384
7397,324
4595,378
7091,324
4472,378
7965,324
4899,378
8054,324
4601,378
7730,324
4758,378
8155,324
5430,378
8484,324
4916,378
7091,324
4629,378
7309,324
4778,378
7201,324
4491,378
