6323,296
3877,354
5981,296
3622,354
5947,296
3688,354
6053,296
3640,354
5950,296
3615,354
6462,296
3399,354
7343,296
5152,354
5652,296
3451,354
6392,296
3790,354
6704,296
4221,354
5989,297
3739,352
7803,297
4894,352
6598,297
3856,352
6218,297
4221,352
6879,297
4828,352
7369,297
4788,352
5913,297
3620,352
6892,297
5060,352
6065,297
4137,352
6078,297
4109,352
6017,297
3857,354
6035,297
3757,354
6487,297
3805,354
6310,297
4146,354
6089,297
3747,354
5816,297
3718,354
6228,297
3761,354
5994,297
4283,354
5968,297
3734,354
6391,297
3861,354
6171,299
4416,358
7229,299
4260,358
6094,299
4153,358
5836,299
3737,358
6226,299
3924,358
6144,299
3738,358
6141,299
3803,358
6054,299
3975,358
5939,299
4338,358
5846,299
3774,358
5901,295
4170,350
6311,295
4516,350
6040,295
4145,350
6449,295
4005,350
6082,295
3669,350
6026,295
3697,350
6685,295
4248,350
6467,295
3973,350
7011,295
3924,350
5951,295
3619,350
6220,294
3827,354
5894,294
4190,354
5858,294
4207,354
5848,294
4422,354
6517,294
4519,354
5702,294
3590,354
5856,294
3899,354
5557,294
3376,354
5986,294
3893,354
5590,294
4067,354
5912,294
3836,356
7220,294
4369,356
5818,294
3960,356
5879,294
3806,356
6103,294
3772,356
5979,294
3996,356
5921,294
3680,356
6015,294
3542,356
5710,294
4114,356
6162,294
3551,356
7166,296
4860,358
5726,296
3587,358
5921,296
4050,358
6389,296
4197,358
5811,296
3697,358
6047,296
4485,358
6186,296
3879,358
5955,296
4721,358
6286,296
4265,358
5913,296
4290,358
7488,293
4875,354
5910,293
3509,354
5846,293
3768,354
5759,293
4093,354
6853,293
4853,354
6268,293
4309,354
5717,293
3413,354
5739,293
3646,354
6347,293
3447,354
5656,293
3673,354
6757,296
4968,352
6306,296
3447,352
5906,296
3670,352
6344,296
4029,352
6359,296
3548,352
5895,296
3618,352
6357,296
4191,352
5673,296
3420,352
6861,296
4162,352
5562,296
3486,352
