6354,262
4343,320
4658,262
2920,320
4375,262
2952,320
4487,262
3263,320
4562,262
3012,320
4689,262
2979,320
5147,262
3828,320
4537,262
2751,320
4538,262
2774,320
5243,262
3333,320
4540,263
3044,318
4753,263
2678,318
4445,263
2941,318
4274,263
2788,318
4124,263
3172,318
4395,263
2644,318
4348,263
2799,318
4423,263
2744,318
4915,263
3255,318
4679,263
2996,318
4997,267
3343,316
4749,267
3061,316
4733,267
2833,316
4706,267
2970,316
4466,267
2842,316
4578,267
2830,316
4822,267
3086,316
4241,267
2650,316
4660,267
3014,316
4520,267
2789,316
4869,256
3005,314
4414,256
3102,314
5852,256
3693,314
4119,256
3103,314
4468,256
2962,314
4838,256
2710,314
4842,256
3056,314
4826,256
3128,314
4327,256
3146,314
4755,256
2989,314
5976,263
3499,316
5617,263
4171,316
4815,263
2918,316
4420,263
2942,316
4642,263
2870,316
4463,263
2617,316
4681,263
2896,316
4217,263
2552,316
8073,263
6647,316
4521,263
2864,316
5879,261
4121,314
4428,261
2787,314
4843,261
3750,314
4677,261
2997,314
4735,261
3215,314
4332,261
2672,314
4678,261
2987,314
4231,261
2855,314
4540,261
2578,314
4490,261
2850,314
6269,266
4415,316
4838,266
3103,316
4711,266
3136,316
5065,266
3577,316
4709,266
3280,316
4549,266
2909,316
4648,266
2856,316
6734,266
5401,316
5345,266
3590,316
4788,266
4000,316
4952,258
2882,310
4644,258
3188,310
4439,258
2705,310
4801,258
2942,310
4391,258
2817,310
4411,258
2682,310
5187,258
2999,310
4595,258
3805,310
4511,258
2853,310
4503,258
3270,310
6344,259
3140,314
4445,259
2945,314
4790,259
3189,314
5241,259
3689,314
4762,259
2818,314
4507,259
2723,314
4926,259
3460,314
4479,259
2911,314
4500,259
2878,314
4883,259
2824,314
6581,264
3850,314
4832,264
3374,314
4508,264
3073,314
4972,264
3479,314
4921,264
2763,314
4817,264
2634,314
4981,264
3302,314
4370,264
3332,314
4594,264
3048,314
5413,264
3466,314
