6790,305
4551,360
6330,305
4030,360
6033,305
3674,360
6117,305
3804,360
5950,305
4463,360
7081,305
4656,360
6775,305
4313,360
6085,305
4364,360
6598,305
4359,360
6240,305
3999,360
6476,304
4098,362
7962,304
5181,362
6923,304
5052,362
6753,304
3700,362
6096,304
3846,362
6677,304
4505,362
6767,304
3744,362
6106,304
3843,362
7325,304
4953,362
6410,304
3808,362
6998,300
4500,360
6991,300
3934,360
6252,300
4120,360
6740,300
4266,360
6796,300
3710,360
7201,300
4733,360
6030,300
4340,360
6304,300
4575,360
7254,300
4252,360
6331,300
4258,360
6481,305
4095,362
6250,305
3763,362
6003,305
3849,362
5914,305
4299,362
7405,305
4535,362
6001,305
3644,362
6835,305
4408,362
6422,305
4052,362
6238,305
4419,362
6809,305
4362,362
6002,303
3733,358
6243,303
3864,358
6383,303
3995,358
6002,303
4375,358
5953,303
4719,358
5924,303
4083,358
6207,303
3887,358
6461,303
4455,358
6173,303
4029,358
6381,303
4128,358
7770,304
4476,364
6571,304
4546,364
7032,304
4571,364
6488,304
4033,364
5947,304
4290,364
6232,304
4041,364
6229,304
4106,364
6180,304
4126,364
6484,304
4343,364
6705,304
4329,364
5962,307
4172,364
6657,307
3636,364
6573,307
4135,364
8953,307
6303,364
6699,307
3671,364
6833,307
4080,364
6895,307
4443,364
6295,307
4439,364
6726,307
3752,364
6118,307
3881,364
6678,310
4434,364
6947,310
3758,364
5976,310
4354,364
6031,310
4374,364
5958,310
3592,364
6266,310
3942,364
7563,310
5050,364
6267,310
3678,364
7079,310
3927,364
6736,310
3628,364
6886,302
3826,360
6719,302
3640,360
6940,302
5138,360
6526,302
3617,360
6046,302
4404,360
6566,302
3647,360
6053,302
4015,360
6253,302
3877,360
6455,302
4078,360
6127,302
3876,360
5904,307
4158,360
6054,307
3797,360
5991,307
3759,360
6172,307
3809,360
6949,307
4132,360
6062,307
3805,360
6000,307
3732,360
6026,307
3700,360
6053,307
3792,360
6011,307
3889,360
