4860,243
2441,296
4082,243
2642,296
3884,243
3023,296
3747,243
2312,296
3779,243
2407,296
3638,243
2243,296
4002,243
2911,296
3554,243
2632,296
5322,243
3530,296
3744,243
2426,296
3983,245
2863,292
3601,245
2401,292
4156,245
2771,292
3754,245
2754,292
4216,245
2715,292
3871,245
2944,292
4017,245
2598,292
4499,245
2800,292
3963,245
2413,292
3603,245
2354,292
3506,241
2248,298
3702,241
2419,298
3510,241
2242,298
3749,241
2441,298
3979,241
2981,298
3774,241
2150,298
3492,241
2782,298
4083,241
2795,298
3976,241
2446,298
4128,241
2668,298
5062,246
3633,296
3900,246
2579,296
3981,246
3069,296
3748,246
2305,296
3869,246
2573,296
3626,246
2276,296
5051,246
2631,296
4291,246
2412,296
3718,246
2637,296
4189,246
2849,296
4572,247
3067,294
4742,247
3632,294
3677,247
2269,294
3853,247
2606,294
6347,247
3478,294
3752,247
2383,294
3660,247
2312,294
3727,247
2441,294
4033,247
2268,294
4072,247
3157,294
3764,242
2959,294
4115,242
2877,294
3646,242
2313,294
4135,242
2996,294
3823,242
2235,294
3895,242
2817,294
3810,242
2281,294
3947,242
2637,294
3607,242
2220,294
4094,242
2557,294
3978,245
3497,298
4009,245
3265,298
4226,245
3055,298
3778,245
2409,298
3783,245
2699,298
4475,245
2915,298
3911,245
2295,298
3888,245
2239,298
3694,245
2689,298
3783,245
2461,298
4217,244
2806,296
3618,244
2574,296
6452,244
4465,296
3950,244
2598,296
4408,244
2672,296
3981,244
2234,296
3634,244
2376,296
3950,244
2307,296
3695,244
2754,296
4002,244
2603,296
3759,248
2385,296
3763,248
2317,296
4147,248
2636,296
3975,248
2469,296
3665,248
2691,296
3817,248
2250,296
3710,248
2713,296
3887,248
2688,296
4436,248
2345,296
3756,248
2461,296
4516,241
2634,298
3856,241
2862,298
4049,241
2729,298
3586,241
2280,298
4819,241
3332,298
4795,241
2512,298
3953,241
2662,298
4125,241
2568,298
4578,241
2360,298
3571,241
2329,298
