4898,267
3332,324
4955,267
2991,324
4564,267
2896,324
4466,267
2806,324
4748,267
3152,324
4500,267
2935,324
5216,267
2992,324
4872,267
3134,324
4547,267
2953,324
5668,267
3445,324
4982,266
3134,328
4916,266
2958,328
4914,266
3262,328
4399,266
2847,328
4582,266
3358,328
4935,266
3239,328
4987,266
3152,328
4882,266
3165,328
4592,266
3174,328
5001,266
2971,328
4650,265
3815,322
4618,265
3131,322
5533,265
3787,322
4904,265
3477,322
4835,265
3167,322
5211,265
3481,322
4887,265
3041,322
6546,265
4146,322
4995,265
2786,322
4828,265
3042,322
6543,273
5922,322
5038,273
3036,322
4796,273
3085,322
4775,273
3635,322
5057,273
2858,322
5304,273
3718,322
4766,273
3317,322
4854,273
3162,322
4665,273
3223,322
4620,273
3248,322
5335,273
3343,322
4838,273
3120,322
4999,273
3224,322
4987,273
3491,322
4959,273
3622,322
4981,273
2968,322
5029,273
3607,322
4708,273
2994,322
5061,273
3272,322
4614,273
2912,322
5413,272
3775,320
4781,272
3273,320
4611,272
3292,320
5326,272
3369,320
5354,272
3601,320
5023,272
3650,320
4771,272
3169,320
5880,272
4007,320
4894,272
3015,320
4794,272
3132,320
5115,275
3424,324
5601,275
3617,324
4787,275
3095,324
4731,275
2837,324
5416,275
3291,324
4652,275
2863,324
4726,275
3154,324
5810,275
4022,324
5463,275
3531,324
5269,275
3405,324
6427,271
4626,334
4926,271
3170,334
5346,271
3396,334
4562,271
2798,334
4968,271
3075,334
4686,271
2860,334
4724,271
2939,334
5055,271
2933,334
4805,271
3096,334
4824,271
3063,334
5234,270
3118,326
5017,270
3215,326
4665,270
2895,326
4995,270
3216,326
5244,270
3662,326
5584,270
4362,326
4691,270
2820,326
4968,270
3152,326
5211,270
3124,326
5114,270
3278,326
5487,271
3188,324
5404,271
3175,324
4903,271
3019,324
5367,271
3384,324
4896,271
3162,324
5588,271
4309,324
5469,271
3090,324
4882,271
3186,324
4548,271
2951,324
4927,271
3006,324
