7133,318
4925,372
6757,318
4477,372
7351,318
4144,372
7040,318
4057,372
6788,318
4144,372
6483,318
3925,372
6919,318
4371,372
6934,318
4446,372
6591,318
4173,372
6348,318
4684,372
6473,315
4692,364
7004,315
4221,364
6599,315
5099,364
10387,315
6100,364
7050,315
5061,364
6651,315
4532,364
6618,315
4347,364
7078,315
4986,364
8112,315
5662,364
36289,315
7500,364
7858,316
6436,374
9521,316
6140,374
6806,316
4399,374
7908,316
4826,374
8156,316
4962,374
7314,316
4549,374
6552,316
4505,374
7559,316
5053,374
6957,316
4422,374
7484,316
4449,374
7757,315
4963,374
6918,315
4382,374
7488,315
4753,374
7218,315
4713,374
6669,315
4106,374
6540,315
4593,374
7468,315
5394,374
8016,315
5414,374
7149,315
4507,374
7213,315
4416,374
7105,314
4853,374
7257,314
4102,374
7097,314
4773,374
7129,314
4430,374
7354,314
4175,374
6794,314
4229,374
6850,314
4211,374
7714,314
5186,374
8176,314
4506,374
7053,314
4573,374
7159,311
4337,372
6570,311
4112,372
6944,311
4448,372
6929,311
4379,372
6977,311
4794,372
6427,311
3985,372
7027,311
4075,372
9966,311
6407,372
7227,311
4802,372
6878,311
4124,372
7684,320
5487,372
7672,320
4707,372
7394,320
4027,372
6890,320
4315,372
7364,320
4013,372
7017,320
4473,372
7967,320
4715,372
8531,320
6787,372
7669,320
5272,372
7321,320
4920,372
6597,311
4086,374
9578,311
5703,374
7078,311
4563,374
6724,311
4226,374
7809,311
4942,374
7269,311
4118,374
7154,311
4634,374
7391,311
4904,374
6787,311
4361,374
6494,311
4810,374
7167,312
4832,370
8604,312
5400,370
6807,312
4431,370
6684,312
4112,370
7498,312
4598,370
7278,312
4026,370
7028,312
4469,370
9948,312
5932,370
7235,312
4844,370
8136,312
4653,370
7099,313
4746,374
7369,313
4793,374
7302,313
4751,374
7236,313
4474,374
7346,313
4519,374
7366,313
4838,374
7387,313
4160,374
6977,313
4308,374
6778,313
4045,374
7147,313
4379,374
