8301,349
5745,408
8299,349
5080,408
9626,349
5618,408
9382,349
5674,408
8686,349
5755,408
8763,349
5635,408
9768,349
6248,408
10032,349
5782,408
9339,349
6140,408
9838,349
5950,408
9452,347
5610,416
8446,347
5800,416
8274,347
5364,416
9193,347
5631,416
8502,347
5577,416
8923,347
5512,416
8443,347
5974,416
8310,347
5525,416
8375,347
6131,416
8615,347
5320,416
8252,348
5993,412
8554,348
5470,412
9461,348
5346,412
9220,348
5738,412
8285,348
5990,412
8836,348
6091,412
8881,348
5476,412
8372,348
5319,412
9701,348
5612,412
9797,348
5814,412
8392,351
5274,412
8664,351
5642,412
9837,351
5880,412
10323,351
5767,412
9321,351
5982,412
9158,351
6780,412
10618,351
6263,412
9863,351
5509,412
8829,351
5607,412
8255,351
5151,412
9225,345
5096,412
9507,345
5415,412
8589,345
5569,412
9470,345
5590,412
9042,345
6010,412
8831,345
5190,412
9524,345
5400,412
8491,345
5312,412
8707,345
5669,412
9258,345
6293,412
9022,348
5430,414
9337,348
5844,414
8650,348
5693,414
8981,348
5162,414
8602,348
5475,414
9393,348
5285,414
9131,348
5954,414
9308,348
5657,414
8609,348
5235,414
8804,348
5343,414
8550,343
5520,414
9141,343
5587,414
8788,343
5593,414
8875,343
5977,414
9207,343
5754,414
8301,343
5494,414
9588,343
6682,414
8410,343
5517,414
9319,343
5720,414
8717,343
5298,414
8884,349
5199,414
8731,349
6290,414
8518,349
5186,414
9310,349
5736,414
8583,349
5173,414
8450,349
5368,414
8706,349
5132,414
8675,349
6122,414
8290,349
5450,414
8618,349
5530,414
8253,353
6105,412
8381,353
5111,412
8497,353
6116,412
8662,353
5050,412
8840,353
5289,412
8731,353
5560,412
8614,353
5582,412
8948,353
5084,412
9328,353
6054,412
8669,353
5144,412
8434,349
5354,412
9134,349
5573,412
8563,349
5389,412
9209,349
6017,412
8563,349
5153,412
8653,349
5496,412
8718,349
5297,412
10110,349
6945,412
8573,349
5556,412
9827,349
5767,412
