13955,395
8750,462
13720,395
7734,462
13573,395
8352,462
22134,395
12896,462
13109,395
8397,462
12524,395
7759,462
13528,395
8116,462
13853,395
9389,462
20448,395
13379,462
13707,395
9909,462
14045,387
8383,458
12304,387
7267,458
12967,387
7020,458
11508,387
7469,458
13676,387
7337,458
11462,387
6617,458
11469,387
7193,458
12291,387
7410,458
16264,387
8834,458
14350,387
9933,458
13982,395
9986,462
12609,395
8415,462
13495,395
7934,462
11489,395
6916,462
13211,395
8357,462
15092,395
10151,462
12496,395
8047,462
13653,395
8657,462
14381,395
8468,462
12029,395
7565,462
12817,397
7505,462
12642,397
6873,462
13712,397
7847,462
14229,397
10132,462
12967,397
7549,462
13119,397
7681,462
15547,397
10760,462
11902,397
7244,462
13319,397
8126,462
11895,397
6475,462
12023,391
7668,462
18032,391
12212,462
13221,391
7377,462
15747,391
10574,462
14850,391
9754,462
12504,391
8417,462
13878,391
9368,462
13566,391
8406,462
13512,391
8152,462
12193,391
9023,462
12669,396
7400,458
12675,396
7496,458
12929,396
7095,458
12045,396
7930,458
12402,396
7577,458
14732,396
10574,458
14867,396
9460,458
14414,396
9898,458
11559,396
7282,458
12486,396
7920,458
14886,398
7953,462
13819,398
9374,462
13520,398
8440,462
13318,398
7476,462
14141,398
8612,462
14473,398
8603,462
11923,398
7339,462
12793,398
6958,462
11710,398
6927,462
12162,398
7242,462
13296,396
7777,464
11605,396
6967,464
12273,396
7886,464
11594,396
8342,464
11825,396
7117,464
11860,396
7166,464
11887,396
7774,464
12044,396
7133,464
12482,396
7500,464
11633,396
7430,464
11735,395
7562,466
13070,395
8486,466
13055,395
8931,466
11983,395
6811,466
12335,395
8113,466
11407,395
7258,466
12581,395
6735,466
12377,395
7721,466
11444,395
7092,466
12108,395
8477,466
11870,396
8031,460
11264,396
7641,460
11898,396
6601,460
10972,396
6848,460
11638,396
7123,460
12490,396
7720,460
11947,396
7052,460
12137,396
6704,460
11959,396
7701,460
12042,396
7049,460
