9076,357
5580,426
10569,357
6621,426
8949,357
5562,426
9958,357
6548,426
8918,357
5708,426
9425,357
6041,426
9944,357
7061,426
10215,357
5642,426
9452,357
5741,426
9143,357
5434,426
8842,361
6485,426
9909,361
6447,426
8986,361
5530,426
8891,361
5543,426
8829,361
5527,426
8820,361
5415,426
10101,361
6013,426
9571,361
5636,426
10508,361
5859,426
9250,361
6120,426
9070,359
5941,420
10588,359
6983,420
9552,359
5657,420
10257,359
7773,420
9623,359
5626,420
11012,359
6999,420
10032,359
6700,420
9146,359
5713,420
9479,359
5869,420
9088,359
6119,420
10102,358
5946,422
9748,358
6444,422
9810,358
5530,422
10671,358
6517,422
9193,358
5671,422
9578,358
6230,422
9052,358
5447,422
8840,358
5357,422
10279,358
5640,422
9160,358
5644,422
9437,359
6410,420
9424,359
5630,420
9356,359
5294,420
9198,359
5945,420
9238,359
6494,420
9326,359
5744,420
8854,359
5707,420
9951,359
5918,420
9410,359
5610,420
8980,359
5727,420
9361,358
5908,428
8980,358
5978,428
8641,358
5723,428
9795,358
6002,428
9118,358
5964,428
8911,358
6385,428
9381,358
6132,428
10448,358
6170,428
9279,358
5713,428
9991,358
7804,428
11701,358
6582,424
9083,358
5465,424
9527,358
5397,424
8975,358
5625,424
9376,358
5816,424
9101,358
6042,424
9585,358
5557,424
9387,358
6086,424
8933,358
5568,424
10998,358
7038,424
9248,361
5613,420
9747,361
5942,420
9538,361
5466,420
10400,361
6701,420
9241,361
5183,420
9523,361
5562,420
10018,361
6018,420
9419,361
5933,420
9562,361
5838,420
9388,361
5619,420
11441,360
6324,426
9333,360
6069,426
9165,360
5713,426
9387,360
6047,426
8923,360
5589,426
8985,360
5623,426
9675,360
6016,426
8930,360
6235,426
9877,360
6092,426
9737,360
5386,426
8835,355
5429,420
9020,355
5734,420
8920,355
5487,420
9122,355
6109,420
8881,355
5629,420
8955,355
5746,420
9431,355
5900,420
11289,355
6652,420
9249,355
5971,420
11251,355
6868,420
