10651,380
6603,454
11093,380
6758,454
10544,380
6566,454
11635,380
6509,454
10846,380
7602,454
10618,380
7373,454
10941,380
6780,454
11090,380
6999,454
10946,380
6836,454
10940,380
6511,454
10932,381
6371,452
10605,381
6607,452
11045,381
6816,452
10643,381
6758,452
10622,381
7657,452
11369,381
6444,452
12951,381
7952,452
10797,381
6861,452
10558,381
6552,452
11659,381
9255,452
10907,384
6606,452
10677,384
6632,452
11610,384
7431,452
12241,384
7501,452
10558,384
7320,452
11828,384
7175,452
11319,384
6215,452
11709,384
6441,452
10909,384
6651,452
12113,384
7581,452
11239,382
6446,454
11118,382
6548,454
11493,382
6281,454
11688,382
7491,454
12197,382
8111,454
13222,382
8502,454
11099,382
6461,454
11875,382
7258,454
11488,382
7598,454
17514,382
10902,454
11452,383
6658,450
11261,383
6989,450
12084,383
7813,450
11289,383
7128,450
10681,383
7165,450
11551,383
7102,450
11167,383
7831,450
10550,383
6982,450
10609,383
7004,450
10548,383
6530,450
11732,387
7641,450
11771,387
6300,450
10711,387
6518,450
10547,387
6605,450
10605,387
6477,450
11117,387
6729,450
11528,387
7193,450
11389,387
7280,450
10806,387
6794,450
10747,387
6781,450
11052,384
6807,450
10541,384
7112,450
10729,384
6781,450
11085,384
7852,450
11655,384
6986,450
10635,384
6479,450
10989,384
6806,450
12111,384
7434,450
11640,384
7663,450
11267,384
6976,450
11101,387
6559,452
11975,387
6455,452
12644,387
8095,452
10805,387
6518,452
10878,387
6186,452
11060,387
6782,452
11173,387
7157,452
10564,387
6449,452
10489,387
7364,452
11632,387
7487,452
10591,386
6813,448
11173,386
7219,448
12561,386
7563,448
10688,386
7273,448
12241,386
8334,448
10993,386
6627,448
10674,386
6291,448
10692,386
6543,448
10284,386
6178,448
11163,386
6586,448
10378,389
6675,450
10555,389
7017,450
12635,389
7095,450
12483,389
6873,450
11480,389
7194,450
10836,389
6866,450
11396,389
7105,450
11333,389
6355,450
11612,389
7282,450
14986,389
10180,450
