10892,375
6865,440
10408,375
6421,440
10526,375
6108,440
10509,375
5797,440
9794,375
6100,440
10493,375
7512,440
10170,375
6254,440
11365,375
6508,440
9871,375
5948,440
10501,375
6395,440
11174,377
6079,438
10706,377
6386,438
10984,377
7302,438
10827,377
6520,438
9853,377
7151,438
10765,377
6257,438
10155,377
6224,438
10756,377
6798,438
9965,377
7777,438
9873,377
7045,438
10058,377
6902,438
10443,377
6406,438
10343,377
6381,438
11590,377
6310,438
10260,377
7533,438
12046,377
7040,438
10400,377
6328,438
11237,377
6244,438
10293,377
6287,438
10223,377
6351,438
10901,380
6762,442
10578,380
7089,442
10494,380
6045,442
10835,380
6484,442
10400,380
6633,442
11302,380
7775,442
10070,380
6253,442
9911,380
6820,442
10235,380
6747,442
9864,380
6149,442
10231,381
6204,442
10583,381
6802,442
11087,381
6658,442
10283,381
6384,442
10187,381
6340,442
9832,381
7074,442
12199,381
7812,442
10893,381
6298,442
11081,381
6902,442
10812,381
6411,442
10140,374
6115,442
9941,374
6332,442
12058,374
6831,442
10522,374
6382,442
10965,374
6772,442
10897,374
6173,442
10156,374
6038,442
10582,374
6949,442
10141,374
6898,442
10434,374
5801,442
11298,373
6970,444
10362,373
6623,444
10093,373
6925,444
10717,373
6433,444
10293,373
6056,444
11512,373
6417,444
9917,373
6112,444
10336,373
6196,444
10201,373
6674,444
10545,373
6486,444
10131,379
6674,444
10904,379
6649,444
11361,379
6710,444
9782,379
5986,444
10310,379
6639,444
10345,379
7404,444
10394,379
6271,444
9970,379
5569,444
10985,379
7182,444
10642,379
6324,444
10338,375
6158,436
10024,375
6330,436
10193,375
6064,436
10695,375
6658,436
10564,375
6511,436
10340,375
7430,436
10562,375
5905,436
10347,375
6151,436
10896,375
7143,436
10770,375
6240,436
12011,379
7163,440
10278,379
6546,440
10882,379
6205,440
10178,379
6131,440
10391,379
6837,440
11031,379
6420,440
11127,379
6354,440
10121,379
6156,440
10997,379
7382,440
10408,379
7208,440
