11735,396
7062,466
14148,396
8598,466
12281,396
7669,466
13189,396
8290,466
12269,396
7726,466
12201,396
7859,466
12131,396
7274,466
11566,396
7081,466
12043,396
7641,466
12210,396
7609,466
12901,407
7154,466
12734,407
7656,466
12212,407
7340,466
13400,407
7796,466
12288,407
7189,466
13839,407
7519,466
13236,407
7683,466
12320,407
7560,466
12986,407
8170,466
11923,407
7254,466
12825,401
6949,476
11800,401
7692,476
12096,401
7544,476
11833,401
7254,476
11990,401
7094,476
12258,401
7353,476
12176,401
7489,476
12341,401
7485,476
13108,401
8086,476
11792,401
7540,476
12565,404
7382,470
11742,404
7010,470
12296,404
7348,470
13471,404
7468,470
11761,404
7340,470
11807,404
7135,470
12402,404
7186,470
13638,404
7411,470
13478,404
8611,470
12398,404
8098,470
12848,399
8016,476
12162,399
8249,476
13194,399
8482,476
12630,399
7860,476
13287,399
7818,476
11621,399
7678,476
11725,399
7287,476
12938,399
7427,476
16185,399
10051,476
14871,399
8862,476
12920,405
8194,474
14148,405
10351,474
19793,405
20307,474
12961,405
8548,474
12302,405
7905,474
12246,405
7528,474
12859,405
7011,474
11739,405
8237,474
11609,405
8821,474
12437,405
6952,474
13309,406
6967,470
11736,406
7093,470
13233,406
7772,470
15582,406
9209,470
12099,406
7322,470
16036,406
10361,470
11838,406
7933,470
12303,406
8818,470
12281,406
7872,470
11638,406
7119,470
11856,402
7479,476
13178,402
8195,476
11760,402
7003,476
12116,402
7299,476
12567,402
7270,476
12954,402
7377,476
12170,402
8189,476
13874,402
8149,476
12144,402
7696,476
11844,402
6996,476
13163,409
7378,472
15449,409
8256,472
11839,409
7764,472
11821,409
7157,472
11759,409
6965,472
13961,409
7816,472
12362,409
7311,472
11880,409
7445,472
11790,409
7286,472
11799,409
7065,472
12221,397
7676,474
11722,397
7982,474
12883,397
7426,474
12403,397
7552,474
11507,397
7151,474
13168,397
7710,474
12916,397
7769,474
12061,397
8054,474
12863,397
7032,474
12593,397
8041,474
