12400,404
7435,482
12021,404
8193,482
12564,404
7446,482
13445,404
8051,482
13289,404
7325,482
13021,404
7923,482
13079,404
7437,482
12779,404
7678,482
12595,404
7877,482
12813,404
7499,482
15293,412
8853,478
12780,412
7555,478
12251,412
7290,478
13984,412
7981,478
12231,412
7371,478
12338,412
7627,478
12771,412
7808,478
12600,412
7567,478
14802,412
8276,478
13767,412
8155,478
13308,412
8059,484
13267,412
7911,484
13042,412
8608,484
14672,412
9757,484
13432,412
8335,484
14271,412
8859,484
17665,412
10960,484
18961,412
9946,484
18479,412
12264,484
19747,412
11269,484
19406,412
14179,482
19775,412
18090,482
13291,412
9012,482
16699,412
16272,482
20888,412
12068,482
18739,412
16469,482
21274,412
14399,482
18851,412
12771,482
19472,412
19089,482
18579,412
12477,482
19581,416
12257,482
17699,416
13919,482
13298,416
7419,482
14014,416
7689,482
16192,416
11657,482
16160,416
10651,482
16977,416
13015,482
15319,416
9046,482
18758,416
7869,482
18899,416
13972,482
16664,413
8511,480
18069,413
9705,480
14634,413
9958,480
14271,413
7754,480
13896,413
8007,480
12825,413
7635,480
12758,413
7776,480
13241,413
7972,480
15537,413
9451,480
12741,413
7959,480
13293,409
8038,482
13559,409
8248,482
18487,409
14289,482
19873,409
13268,482
17460,409
12261,482
17076,409
12803,482
16488,409
11527,482
17794,409
10596,482
18382,409
11439,482
16169,409
10905,482
12747,411
7758,486
13159,411
8967,486
14803,411
9355,486
13995,411
8089,486
13834,411
8713,486
13759,411
8204,486
13123,411
8518,486
13135,411
8188,486
14903,411
11830,486
13537,411
8715,486
12851,414
7719,474
15180,414
8224,474
14602,414
9153,474
12977,414
7560,474
14363,414
9560,474
13854,414
8436,474
13063,414
8386,474
13275,414
7799,474
13521,414
8387,474
13553,414
8465,474
12746,415
7979,478
14773,415
9612,478
13828,415
8398,478
13471,415
8754,478
13179,415
7706,478
14190,415
8380,478
13628,415
7485,478
12936,415
8485,478
14700,415
8670,478
13052,415
8084,478
