7800,329
5008,394
8676,329
4999,394
8467,329
5693,394
7719,329
4844,394
8824,329
5752,394
8499,329
5501,394
8225,329
5328,394
7939,329
5007,394
7798,329
4920,394
8611,329
4644,394
7509,328
4933,394
7994,328
4988,394
8102,328
5177,394
7956,328
5132,394
8078,328
5407,394
8667,328
4655,394
9616,328
5480,394
7350,328
5660,394
7588,328
4612,394
7984,328
4633,394
8749,334
4941,396
7911,334
5385,396
7667,334
4420,396
7624,334
4891,396
7755,334
5856,396
7706,334
4705,396
8392,334
5677,396
7368,334
5174,396
7464,334
4751,396
8632,334
5439,396
8186,336
5652,396
9703,336
6516,396
8433,336
4944,396
8419,336
5513,396
7562,336
5396,396
7886,336
4938,396
7615,336
5414,396
7907,336
4975,396
8263,336
5034,396
8452,336
5491,396
8162,334
4953,396
8955,334
6172,396
7451,334
4780,396
7878,334
4656,396
8316,334
5250,396
7800,334
4822,396
8872,334
6118,396
7600,334
4901,396
8459,334
4962,396
7829,334
4833,396
8432,329
5105,392
7449,329
4486,392
7703,329
4837,392
7432,329
4601,392
7448,329
4833,392
7633,329
4721,392
7819,329
5281,392
8334,329
5023,392
8253,329
4823,392
7475,329
5033,392
8149,335
4823,396
7476,335
4603,396
7382,335
5153,396
7938,335
4925,396
7572,335
4715,396
8180,335
5446,396
7689,335
4902,396
7364,335
5384,396
8375,335
5563,396
7982,335
4656,396
7513,335
4877,396
8076,335
4516,396
8054,335
5623,396
7575,335
4591,396
7573,335
5312,396
7601,335
5237,396
7344,335
4457,396
7967,335
4618,396
7938,335
5026,396
8118,335
4586,396
7459,331
4725,394
8431,331
4760,394
8170,331
4901,394
8156,331
5012,394
8264,331
4569,394
7792,331
5124,394
7389,331
5306,394
8193,331
4954,394
7525,331
4965,394
8350,331
5032,394
8418,335
4653,392
8832,335
5793,392
8039,335
5071,392
9908,335
6248,392
8029,335
4584,392
8423,335
4612,392
8259,335
5818,392
7979,335
4673,392
8099,335
4446,392
7660,335
4868,392
