189,29
123,42
118,29
75,42
103,29
48,42
274,29
228,42
141,29
134,42
224,29
138,42
229,29
141,42
230,29
130,42
103,29
46,42
339,29
208,42
148,30
122,44
68,30
70,44
99,30
49,44
59,30
74,44
85,30
51,44
142,30
111,44
202,30
111,44
698,30
486,44
143,30
63,44
197,30
87,44
108,28
51,42
251,28
208,42
451,28
169,42
173,28
115,42
122,28
60,42
229,28
125,42
76,28
82,42
137,28
126,42
103,28
47,42
103,28
50,42
285,29
207,44
239,29
170,44
240,29
171,44
104,29
58,44
108,29
50,44
184,29
91,44
210,29
76,44
254,29
178,44
105,29
49,44
126,29
92,44
104,29
46,40
109,29
97,40
226,29
147,40
108,29
119,40
184,29
423,40
140,29
127,40
115,29
48,40
182,29
111,40
212,29
114,40
144,29
73,40
247,32
152,38
189,32
159,38
137,32
85,38
115,32
44,38
196,32
173,38
106,32
51,38
313,32
98,38
186,32
125,38
113,32
49,38
168,32
154,38
217,30
129,40
58,30
83,40
335,30
152,40
209,30
116,40
289,30
281,40
103,30
43,40
303,30
223,40
174,30
81,40
129,30
43,40
104,30
45,40
98,31
48,42
162,31
92,42
115,31
44,42
207,31
117,42
98,31
81,42
127,31
99,42
115,31
45,42
229,31
293,42
228,31
143,42
94,31
50,42
274,29
189,40
70,29
81,40
117,29
49,40
93,29
47,40
86,29
66,40
209,29
113,40
101,29
54,40
254,29
174,40
113,29
46,40
105,29
48,40
166,31
156,40
111,31
86,40
204,31
76,40
229,31
157,40
80,31
103,40
181,31
122,40
112,31
48,40
272,31
76,40
203,31
116,40
98,31
46,40
