8323,340
4865,404
7910,340
5315,404
8248,340
5199,404
7906,340
4667,404
8552,340
5520,404
8161,340
4933,404
8192,340
5132,404
7813,340
4806,404
8338,340
5643,404
7787,340
5619,404
8036,340
5415,400
9048,340
6971,400
16794,340
18303,400
8468,340
5825,400
8365,340
5369,400
7758,340
4758,400
7755,340
5636,400
8502,340
5236,400
9860,340
5208,400
8697,340
4907,400
7858,342
5202,406
9074,342
5002,406
8051,342
5062,406
8667,342
5156,406
8882,342
4925,406
8202,342
5275,406
7978,342
4878,406
11166,342
6302,406
8328,342
5550,406
8192,342
5260,406
8761,340
5072,402
8029,340
5040,402
8377,340
4879,402
8062,340
5724,402
9302,340
5429,402
9072,340
6246,402
8948,340
5791,402
8880,340
4817,402
11020,340
5762,402
8182,340
5101,402
8903,339
5413,402
7899,339
5741,402
8913,339
5478,402
7722,339
5014,402
7934,339
5728,402
8201,339
5737,402
8473,339
5445,402
8811,339
5452,402
9417,339
5957,402
8276,339
5597,402
8670,335
5650,404
9048,335
5394,404
7631,335
4770,404
7997,335
5027,404
8664,335
5240,404
8489,335
5532,404
9179,335
6104,404
9061,335
5822,404
8538,335
5313,404
9520,335
6548,404
7866,338
4865,402
9097,338
5172,402
8421,338
5459,402
8560,338
5261,402
7888,338
4972,402
9948,338
6868,402
11196,338
7855,402
9980,338
6749,402
11712,338
9383,402
11630,338
8897,402
13852,342
8120,400
11854,342
6275,400
10690,342
8266,400
12495,342
8250,400
8940,342
5404,400
7795,342
5831,400
8845,342
5648,400
8701,342
5689,400
10223,342
5573,400
12266,342
9225,400
10940,340
7713,400
10594,340
6549,400
12467,340
7573,400
13120,340
8558,400
9205,340
5910,400
13051,340
7389,400
11412,340
8135,400
11238,340
8179,400
9632,340
6316,400
8994,340
5341,400
9558,341
6352,406
9294,341
5488,406
8983,341
5971,406
11648,341
8232,406
9018,341
5508,406
8583,341
5709,406
7741,341
4773,406
7735,341
5771,406
9477,341
6468,406
8219,341
5175,406
