10169,369
6282,430
9384,369
5947,430
9852,369
5788,430
9831,369
5703,430
10642,369
6597,430
10030,369
6103,430
9985,369
6301,430
10425,369
6207,430
9876,369
5891,430
10724,369
7022,430
10123,364
6605,430
9363,364
5860,430
10960,364
6553,430
11812,364
6705,430
10364,364
5876,430
10278,364
5830,430
10510,364
5878,430
9688,364
6086,430
9924,364
6449,430
9798,364
5959,430
9705,364
6323,432
9320,364
6379,432
9236,364
5679,432
9284,364
5700,432
10743,364
6489,432
9560,364
6113,432
9664,364
6318,432
10515,364
5840,432
9518,364
5886,432
9707,364
5860,432
9350,366
5705,432
9310,366
5715,432
9911,366
6847,432
10669,366
6771,432
9894,366
6480,432
9338,366
6952,432
11016,366
7152,432
9166,366
6594,432
10376,366
6872,432
9882,366
6238,432
9486,368
5705,430
9659,368
5920,430
10213,368
5795,430
9823,368
6419,430
9704,368
6002,430
9946,368
6423,430
10622,368
6713,430
9902,368
6222,430
10058,368
5816,430
10313,368
6000,430
10244,369
6164,428
9656,369
5885,428
10840,369
6597,428
10558,369
6613,428
10255,369
6200,428
9647,369
6562,428
9745,369
6780,428
9806,369
5920,428
9490,369
5794,428
9347,369
5678,428
9379,367
5720,426
10115,367
6584,426
10880,367
6921,426
9462,367
6579,426
9743,367
5792,426
10110,367
6396,426
10125,367
5962,426
9282,367
5603,426
10261,367
6395,426
9356,367
5696,426
9846,369
5959,432
9327,369
5753,432
9740,369
5979,432
11157,369
6168,432
12548,369
9602,432
10290,369
7192,432
11095,369
7493,432
10588,369
6602,432
9704,369
6005,432
9910,369
6266,432
9977,367
5665,432
10464,367
6607,432
9669,367
6146,432
11032,367
6811,432
9516,367
6115,432
9242,367
5728,432
9799,367
6378,432
9312,367
6764,432
10688,367
7096,432
9517,367
6155,432
9830,366
6067,434
9435,366
6504,434
10616,366
6294,434
9475,366
5994,434
9374,366
6380,434
9338,366
5632,434
10524,366
6964,434
9632,366
6206,434
9367,366
6462,434
9366,366
5692,434
