16705,448
10110,516
15349,448
9308,516
16056,448
9403,516
15682,448
9588,516
15163,448
9352,516
16080,448
9974,516
15033,448
9138,516
16900,448
9782,516
15461,448
9481,516
16974,448
11170,516
15139,445
10505,522
15411,445
9306,522
16620,445
10291,522
15459,445
8977,522
15317,445
9303,522
15794,445
9781,522
16352,445
10808,522
16346,445
9612,522
17070,445
9552,522
16340,445
9283,522
16603,451
10384,524
16386,451
10165,524
15465,451
9650,524
16966,451
9919,524
16449,451
10358,524
15882,451
9428,524
15549,451
9497,524
15533,451
8943,524
17669,451
8885,524
15640,451
9273,524
16220,451
10406,520
16833,451
10973,520
17482,451
9279,520
15039,451
9575,520
15646,451
9502,520
16876,451
9668,520
15425,451
8952,520
16226,451
10282,520
15887,451
9164,520
16909,451
9129,520
16936,446
9104,522
16481,446
9487,522
15803,446
9899,522
15270,446
9019,522
15641,446
9616,522
15029,446
8967,522
17195,446
9427,522
15137,446
9154,522
15390,446
9883,522
15288,446
9363,522
15894,449
8637,524
16731,449
9160,524
15741,449
10626,524
15572,449
9555,524
16875,449
10568,524
17134,449
8695,524
14713,449
10489,524
15694,449
9617,524
16488,449
9764,524
15888,449
9616,524
15974,446
10618,516
15994,446
9017,516
16596,446
10396,516
15826,446
9066,516
15774,446
10456,516
15445,446
9712,516
15704,446
10865,516
17164,446
11165,516
15111,446
9194,516
15528,446
9433,516
16203,451
10320,516
16020,451
9541,516
16217,451
9754,516
16162,451
9498,516
16319,451
8858,516
14660,451
10205,516
16373,451
9687,516
15297,451
8764,516
15930,451
9691,516
17070,451
10510,516
16482,449
9827,520
15239,449
10340,520
16506,449
9016,520
16749,449
9902,520
15116,449
9361,520
17294,449
10407,520
15064,449
8902,520
16293,449
8694,520
15150,449
9017,520
15415,449
9373,520
15524,448
9434,522
15613,448
9356,522
15465,448
10519,522
14784,448
8927,522
15115,448
9183,522
16662,448
8971,522
14823,448
9186,522
15904,448
9612,522
16003,448
8989,522
15644,448
10644,522
