19546,498
11274,574
20715,498
11754,574
19916,498
12040,574
20201,498
11623,574
19918,498
12003,574
21815,498
12645,574
21660,498
11765,574
21237,498
11295,574
20370,498
11942,574
19570,498
11419,574
19746,500
12078,578
20220,500
11631,578
20820,500
13733,578
19846,500
12719,578
21334,500
11758,578
20025,500
12252,578
19946,500
12997,578
20145,500
11891,578
21129,500
13395,578
19227,500
11511,578
19387,497
12488,584
20045,497
13877,584
20675,497
11540,584
21507,497
13154,584
20387,497
11904,584
20484,497
12617,584
19784,497
12823,584
21236,497
11581,584
21578,497
13085,584
21403,497
11853,584
19923,503
11725,584
22045,503
12715,584
19929,503
12894,584
21524,503
15736,584
22015,503
13524,584
21121,503
12913,584
19343,503
12007,584
19654,503
12120,584
20601,503
12199,584
19943,503
12338,584
19345,501
12816,576
20409,501
11694,576
20857,501
11429,576
19701,501
13665,576
19636,501
11669,576
20175,501
13682,576
21586,501
11501,576
21300,501
12257,576
20328,501
11668,576
19728,501
11603,576
20190,500
11714,582
21605,500
13301,582
19703,500
12675,582
19703,500
11753,582
20593,500
12047,582
19233,500
11496,582
20220,500
12890,582
19664,500
13869,582
19589,500
11691,582
19949,500
12241,582
19177,503
11416,578
19391,503
11631,578
21354,503
13455,578
19604,503
11638,578
19241,503
11654,578
21013,503
12689,578
20888,503
13218,578
19816,503
12710,578
19762,503
12202,578
19548,503
13292,578
19918,504
11540,580
20785,504
12778,580
22697,504
11429,580
21056,504
12622,580
19365,504
12647,580
19898,504
12390,580
21051,504
12020,580
21226,504
11938,580
21065,504
11848,580
20876,504
11884,580
21145,504
12052,580
19311,504
12978,580
19366,504
12139,580
19894,504
13506,580
19322,504
13629,580
20169,504
11568,580
22626,504
13884,580
19806,504
12564,580
20427,504
12319,580
19760,504
11594,580
20442,506
11827,580
21013,506
12620,580
20108,506
12179,580
20094,506
11626,580
19463,506
13095,580
20414,506
12265,580
20912,506
12613,580
20881,506
13575,580
20090,506
11268,580
19850,506
11787,580
23440,502
15195,584
22360,502
11283,584
20012,502
11888,584
19537,502
12802,584
19407,502
12566,584
19612,502
11523,584
27370,502
13628,584
19812,502
12024,584
19743,502
11990,584
19205,502
11622,584
19253,496
12145,572
19051,496
12816,572
23347,496
15204,572
20271,496
12157,572
22486,496
11733,572
36035,496
16348,572
21825,496
13874,572
19396,496
12964,572
21722,496
11667,572
19953,496
11647,572
19594,503
11601,580
20160,503
13206,580
19639,503
13867,580
20948,503
12314,580
20031,503
12392,580
20889,503
12471,580
20765,503
11603,580
19283,503
12855,580
21700,503
12611,580
19073,503
11801,580
20644,508
13155,580
19654,508
12845,580
20385,508
12531,580
19883,508
12265,580
19685,508
12547,580
22120,508
14800,580
19936,508
11611,580
19752,508
11618,580
22071,508
12706,580
19528,508
11893,580
19974,504
11752,574
20001,504
11889,574
19101,504
12968,574
21258,504
13093,574
19577,504
11777,574
21230,504
12187,574
20098,504
12140,574
19365,504
11684,574
19479,504
13194,574
20085,504
12208,574
20343,494
13540,578
19318,494
13770,578
21704,494
12310,578
20076,494
11530,578
20890,494
12977,578
19430,494
12299,578
20323,494
13094,578
21650,494
14144,578
20599,494
12509,578
20957,494
11290,578
19469,505
11212,582
20951,505
11439,582
21391,505
11629,582
19112,505
11597,582
19138,505
12848,582
20344,505
11526,582
19455,505
11282,582
19893,505
11684,582
20095,505
13361,582
21970,505
13535,582
21925,501
11377,578
20138,501
14354,578
21211,501
13705,578
24655,501
15630,578
19361,501
11353,578
20679,501
12894,578
20588,501
11817,578
19684,501
11609,578
19926,501
13876,578
20290,501
12107,578
21338,498
12376,580
21873,498
13387,580
20099,498
11563,580
21012,498
12951,580
20316,498
12085,580
24019,498
11966,580
21714,498
13346,580
21086,498
12037,580
19248,498
13449,580
19806,498
12472,580
21359,500
11940,582
20173,500
11699,582
19622,500
11458,582
23431,500
14715,582
21071,500
14014,582
19511,500
13506,582
21086,500
12133,582
19487,500
11865,582
22130,500
12206,582
19427,500
11646,582
