22091,479
14387,558
20252,479
12388,558
20122,479
13221,558
19307,479
11344,558
21037,479
14386,558
20902,479
11502,558
18025,479
11421,558
20551,479
13176,558
18359,479
11787,558
18114,479
10756,558
19010,482
11789,562
18971,482
12018,562
18435,482
11131,562
18843,482
10927,562
20530,482
10468,562
18597,482
11029,562
18368,482
10804,562
17697,482
11300,562
19442,482
10999,562
17823,482
13075,562
18637,480
10888,566
17822,480
10800,566
20170,480
12422,566
18976,480
10927,566
20378,480
13584,566
19306,480
12488,566
18873,480
12304,566
20943,480
13809,566
18822,480
11321,566
18242,480
10832,566
19309,483
11550,566
18482,483
10916,566
18800,483
12791,566
18875,483
11046,566
18151,483
10713,566
18093,483
11256,566
19186,483
10996,566
18547,483
12698,566
18172,483
10606,566
18718,483
11537,566
20466,486
11763,558
19617,486
11589,558
18466,486
11360,558
18746,486
10839,558
18628,486
11256,558
19612,486
10579,558
19559,486
11154,558
18400,486
11035,558
18754,486
10898,558
18910,486
10620,558
18044,484
11477,558
20246,484
10888,558
18589,484
11035,558
19419,484
11696,558
18983,484
11833,558
18361,484
11068,558
18385,484
11192,558
19051,484
10882,558
17898,484
10972,558
18338,484
12465,558
18914,478
12027,564
19939,478
11916,564
20010,478
12637,564
19730,478
12216,564
18968,478
11852,564
21013,478
10855,564
17971,478
12007,564
19669,478
10814,564
19138,478
11020,564
18776,478
12257,564
19120,487
11075,558
19409,487
10834,558
18329,487
11067,558
18716,487
11416,558
17802,487
10629,558
20417,487
10686,558
18916,487
10747,558
18335,487
10932,558
19965,487
12336,558
18678,487
10860,558
20332,485
11810,566
19645,485
11385,566
19757,485
12256,566
18421,485
11442,566
20151,485
12242,566
18790,485
11187,566
18555,485
12619,566
19002,485
11271,566
20335,485
12001,566
18399,485
11140,566
18786,483
10833,560
18182,483
11035,560
18537,483
11133,560
19049,483
10581,560
21266,483
13072,560
19861,483
11270,560
18188,483
10727,560
18750,483
11167,560
18791,483
11423,560
19216,483
11560,560
