18061,463
11110,544
17180,463
10909,544
19038,463
11811,544
18304,463
11850,544
16337,463
10187,544
17482,463
9746,544
18047,463
10594,544
16554,463
11790,544
17943,463
10034,544
16754,463
9965,544
19432,467
11405,536
17350,467
11121,536
17070,467
11527,536
18593,467
10064,536
18788,467
13220,536
16356,467
11113,536
18098,467
11165,536
17563,467
10915,536
17441,467
10407,536
18018,467
10905,536
17033,459
10356,542
18442,459
11477,542
17312,459
9988,542
18823,459
11246,542
18343,459
11894,542
18678,459
11698,542
16677,459
9788,542
17235,459
10054,542
18359,459
10869,542
16590,459
10082,542
17266,466
11457,542
17745,466
10689,542
20931,466
12750,542
17227,466
9899,542
18826,466
12237,542
18130,466
10660,542
18682,466
11043,542
17241,466
10475,542
17393,466
11080,542
17883,466
11096,542
16214,466
10022,540
17216,466
11577,540
18763,466
10633,540
18447,466
11580,540
18945,466
10052,540
17267,466
10300,540
19585,466
11189,540
23274,466
14272,540
16892,466
10468,540
17420,466
10909,540
18426,464
11720,540
16869,464
10876,540
17269,464
10458,540
18066,464
9671,540
17245,464
10390,540
16816,464
10302,540
20852,464
13454,540
17447,464
9943,540
19369,464
12404,540
18174,464
10453,540
21271,465
13131,540
18851,465
10460,540
17792,465
10993,540
19106,465
9567,540
16696,465
10239,540
18884,465
11096,540
17570,465
10702,540
18580,465
13716,540
16553,465
10258,540
16187,465
10403,540
18287,464
11376,544
18364,464
10805,544
17702,464
10466,544
21364,464
14262,544
18844,464
10327,544
17631,464
11249,544
18251,464
11286,544
20269,464
12502,544
18012,464
10573,544
17583,464
10451,544
20029,472
11955,538
21019,472
12678,538
20164,472
10240,538
18219,472
10561,538
19144,472
13789,538
18571,472
12574,538
18147,472
10249,538
20475,472
11119,538
18431,472
10467,538
17110,472
10634,538
17439,468
11234,540
18044,468
10593,540
21510,468
14226,540
18284,468
11411,540
19609,468
10905,540
18716,468
12081,540
21793,468
14804,540
20975,468
11448,540
18357,468
11805,540
17741,468
11058,540
