20574,489
12385,572
20012,489
12144,572
18839,489
12610,572
21463,489
11260,572
19853,489
11564,572
19041,489
12210,572
19820,489
11583,572
18739,489
11487,572
20621,489
11356,572
19444,489
11774,572
19282,492
12256,568
19460,492
11875,568
20525,492
13987,568
19531,492
11119,568
19294,492
12345,568
19450,492
11432,568
18782,492
11028,568
19118,492
11398,568
20025,492
11665,568
19678,492
12126,568
18997,491
11371,574
19864,491
11385,574
19145,491
12690,574
19704,491
12269,574
19472,491
12087,574
19077,491
11431,574
19325,491
11955,574
18585,491
12721,574
18505,491
11500,574
19286,491
11786,574
19066,490
10962,570
19386,490
11816,570
20579,490
11512,570
20182,490
11797,570
18715,490
11927,570
18323,490
11436,570
20462,490
11842,570
19172,490
11530,570
18885,490
11495,570
18682,490
11320,570
21241,494
12694,566
19673,494
11268,566
19008,494
13046,566
20079,494
11539,566
18834,494
12136,566
19488,494
11418,566
18869,494
11372,566
18865,494
11656,566
19252,494
11336,566
18979,494
11274,566
19744,495
11455,572
19702,495
11568,572
19747,495
11918,572
18882,495
10960,572
18824,495
11162,572
19541,495
11191,572
18996,495
12293,572
20683,495
12722,572
19443,495
11873,572
20391,495
11290,572
20090,495
11418,572
18875,495
11590,572
19221,495
11800,572
19273,495
11246,572
21388,495
12197,572
21725,495
11261,572
20119,495
11244,572
19092,495
11325,572
18816,495
11506,572
20096,495
15560,572
18551,487
12275,570
21252,487
11574,570
19127,487
13221,570
18900,487
11650,570
19315,487
12115,570
18892,487
12011,570
18602,487
12247,570
19325,487
11066,570
22096,487
12327,570
18883,487
11393,570
18925,497
11167,568
19309,497
11379,568
19252,497
11659,568
21314,497
12131,568
20081,497
12571,568
21369,497
13712,568
19547,497
12176,568
18475,497
11217,568
19131,497
12095,568
20600,497
12409,568
20777,496
12141,572
19982,496
11477,572
19428,496
11362,572
19881,496
11947,572
19134,496
11260,572
21022,496
12922,572
18787,496
12152,572
19706,496
11149,572
19626,496
12239,572
19761,496
11546,572
