24921,437
18375,508
17373,437
10579,508
15659,437
9724,508
24125,437
17136,508
17026,437
11709,508
19424,437
12330,508
43260,437
28649,508
16054,437
10494,508
19068,437
11289,508
16652,437
10771,508
31800,439
22674,508
15662,439
10233,508
15665,439
8888,508
15034,439
8992,508
15834,439
8828,508
14736,439
8825,508
16759,439
10590,508
14678,439
8640,508
14511,439
10008,508
14972,439
8979,508
14352,439
9572,510
16100,439
9014,510
15273,439
10290,510
14990,439
9309,510
15108,439
10057,510
14783,439
10057,510
15756,439
10485,510
15905,439
10543,510
16459,439
10678,510
15186,439
9715,510
15023,440
8935,512
16230,440
9619,512
16176,440
9871,512
17055,440
11046,512
17648,440
10849,512
20729,440
9370,512
15870,440
9485,512
15282,440
9242,512
15573,440
9824,512
17298,440
9985,512
17849,442
11544,518
17653,442
11135,518
16468,442
10903,518
15684,442
10147,518
15690,442
10275,518
16765,442
11151,518
15157,442
9404,518
16566,442
10066,518
18006,442
9913,518
15925,442
8876,518
17071,437
10372,512
16486,437
10772,512
16523,437
9266,512
16433,437
10095,512
15271,437
9087,512
15321,437
9410,512
15531,437
8822,512
16046,437
9957,512
23342,437
15873,512
15893,437
9123,512
14997,441
10138,510
15227,441
9567,510
15635,441
9677,510
15729,441
8727,510
20007,441
10668,510
21730,441
13668,510
19993,441
13476,510
20021,441
13157,510
16042,441
10180,510
15722,441
10806,510
16314,441
8736,508
15742,441
10466,508
20062,441
13741,508
14698,441
8918,508
16079,441
9451,508
17456,441
10669,508
14358,441
8433,508
15632,441
9616,508
14300,441
9817,508
16596,441
10002,508
14987,434
9700,514
14215,434
9210,514
15368,434
9045,514
14898,434
8795,514
14705,434
8917,514
17137,434
9554,514
17542,434
9496,514
14483,434
9618,514
15804,434
9203,514
14538,434
10163,514
15362,437
8990,508
15039,437
9201,508
15008,437
8668,508
17080,437
9546,508
15281,437
9002,508
14583,437
8387,508
14406,437
9067,508
14149,437
8575,508
15843,437
9455,508
14617,437
8660,508
