12,2
38,4
161,2
133,4
143,2
93,4
91,2
54,4
59,2
8,4
56,2
9,4
263,2
24,4
49,2
8,4
62,2
9,4
46,2
8,4
81,2
9,4
47,2
8,4
95,2
15,4
53,2
9,4
59,2
15,4
138,2
128,4
202,2
89,4
49,2
8,4
55,2
8,4
56,2
36,4
26,2
38,4
58,2
9,4
49,2
8,4
269,2
27,4
55,2
9,4
123,2
118,4
207,2
212,4
180,2
179,4
96,2
9,4
103,2
9,4
173,2
92,4
83,2
8,4
19,2
29,4
163,2
133,4
20,2
46,4
61,2
8,4
273,2
211,4
147,2
37,4
129,2
90,4
185,2
66,4
144,2
44,4
127,2
64,4
119,2
31,4
122,2
38,4
34,2
17,4
54,2
8,4
67,2
8,4
64,2
8,4
70,2
8,4
128,2
48,4
69,2
9,4
141,2
44,4
38,2
9,4
157,2
83,4
357,2
77,4
101,2
12,4
50,2
8,4
113,2
113,4
368,2
92,4
176,2
105,4
221,2
157,4
244,2
163,4
45,2
9,4
263,2
160,4
168,2
68,4
50,2
100,4
178,2
66,4
221,2
157,4
261,2
147,4
186,2
49,4
25,2
37,4
176,2
38,4
128,2
70,4
40,2
58,4
105,2
21,4
106,2
50,4
51,2
8,4
55,2
11,4
56,2
9,4
110,2
10,4
217,2
129,4
159,2
36,4
18,2
30,4
106,2
9,4
298,2
194,4
20,2
35,4
79,2
9,4
54,2
9,4
60,2
9,4
132,2
92,4
170,2
249,4
165,2
79,4
167,2
59,4
157,2
98,4
20,2
30,4
112,2
100,4
253,2
204,4
116,2
61,4
65,2
9,4
218,2
155,4
