14456,422
8486,492
14377,422
9094,492
16124,422
8937,492
14450,422
8613,492
18491,422
10522,492
15244,422
9388,492
15107,422
10513,492
15338,422
9316,492
14304,422
8571,492
14557,422
10239,492
15525,420
9654,492
15074,420
9065,492
14277,420
8057,492
14225,420
9249,492
13618,420
9090,492
14001,420
8283,492
14304,420
8397,492
14191,420
8385,492
14311,420
8002,492
19935,420
13854,492
13751,424
9081,496
13170,424
9229,496
14097,424
8830,496
14961,424
9020,496
13420,424
7992,496
17011,424
10270,496
15406,424
10170,496
14411,424
8238,496
14102,424
8760,496
14883,424
9016,496
16237,419
9272,492
13930,419
8148,492
13636,419
9606,492
15478,419
8386,492
13764,419
8377,492
15780,419
11148,492
13311,419
8726,492
15102,419
8730,492
13105,419
8195,492
14277,419
8222,492
14694,427
8841,494
13982,427
9043,494
14515,427
9991,494
14216,427
8757,494
27463,427
20799,494
13394,427
8845,494
14630,427
9272,494
15701,427
8774,494
14940,427
9475,494
14978,427
9359,494
13730,422
8208,488
17335,422
9782,488
19928,422
11523,488
17442,422
12224,488
14950,422
8518,488
13251,422
8266,488
14071,422
8812,488
14533,422
9031,488
13913,422
8921,488
14690,422
10289,488
13357,419
9279,490
14859,419
8287,490
14370,419
8592,490
16757,419
9379,490
16783,419
10941,490
14713,419
9125,490
13491,419
7998,490
13292,419
8709,490
15028,419
8838,490
14341,419
8299,490
13173,420
9267,488
14146,420
8792,488
13836,420
8434,488
15452,420
9738,488
16314,420
9727,488
20260,420
12720,488
26726,420
70765,488
22276,420
20803,488
19203,420
11475,488
18582,420
13203,488
20422,417
13152,490
16416,417
10190,490
18736,417
10869,490
18608,417
12849,490
18388,417
13231,490
20022,417
11574,490
17935,417
12970,490
15889,417
10731,490
14964,417
9161,490
13538,417
8895,490
13385,417
8049,496
13817,417
7959,496
14091,417
8379,496
14011,417
9576,496
13295,417
8318,496
12774,417
8952,496
14013,417
8825,496
13461,417
8048,496
12797,417
9175,496
13451,417
8458,496
