229,37
160,50
111,37
95,50
234,37
196,50
271,37
156,50
134,37
75,50
183,37
92,50
170,37
120,50
122,37
67,50
268,37
116,50
124,37
66,50
141,35
67,50
112,35
67,50
167,35
147,50
295,35
164,50
370,35
147,50
172,35
74,50
436,35
149,50
204,35
129,50
288,35
251,50
126,35
63,50
127,38
61,50
145,38
134,50
170,38
133,50
177,38
123,50
209,38
76,50
132,38
70,50
174,38
142,50
239,38
158,50
123,38
62,50
215,38
402,50
284,38
210,52
125,38
68,52
182,38
103,52
316,38
180,52
203,38
376,52
172,38
153,52
199,38
98,52
146,38
67,52
162,38
143,52
276,38
256,52
294,37
202,52
113,37
67,52
181,37
130,52
261,37
185,52
90,37
91,52
260,37
151,52
280,37
174,52
220,37
209,52
286,37
202,52
117,37
67,52
143,36
77,50
196,36
72,50
228,36
205,50
168,36
109,50
288,36
225,50
337,36
247,50
271,36
246,50
222,36
120,50
275,36
198,50
122,36
66,50
241,37
140,50
133,37
113,50
121,37
64,50
239,37
201,50
203,37
73,50
129,37
72,50
585,37
166,50
238,37
137,50
229,37
160,50
245,37
174,50
493,36
209,54
195,36
143,54
229,36
141,54
124,36
63,54
125,36
65,54
212,36
143,54
220,36
117,54
382,36
295,54
154,36
61,54
123,36
69,54
194,39
134,50
111,39
90,50
342,39
191,50
83,39
83,50
127,39
63,50
131,39
63,50
137,39
61,50
125,39
69,50
130,39
67,50
144,39
66,50
227,34
128,50
83,34
95,50
153,34
131,50
140,34
91,50
198,34
84,50
120,34
61,50
102,34
80,50
205,34
153,50
248,34
182,50
224,34
113,50
