18908,477
11927,554
18670,477
11103,554
20667,477
13033,554
19296,477
12104,554
18395,477
11354,554
19335,477
11188,554
19632,477
11407,554
17468,477
12406,554
19082,477
12008,554
19488,477
11544,554
18326,472
10278,546
18104,472
10989,546
18045,472
9941,546
17671,472
11437,546
18774,472
11673,546
24330,472
16309,546
18816,472
11911,546
18246,472
10497,546
18184,472
10098,546
18241,472
11647,546
18731,474
12047,552
18346,474
11345,552
20115,474
11807,552
18475,474
11738,552
18036,474
11001,552
17382,474
10457,552
17905,474
11762,552
18536,474
10469,552
18921,474
10697,552
17472,474
10592,552
17141,476
11158,554
17988,476
10389,554
17703,476
10612,554
18449,476
10935,554
17567,476
10355,554
17723,476
10443,554
19574,476
12751,554
18966,476
10144,554
17710,476
10241,554
18579,476
11277,554
18217,473
11226,548
17321,473
10780,548
18678,473
11968,548
17840,473
12312,548
17723,473
12068,548
18203,473
10723,548
21243,473
13191,548
17480,473
10254,548
21720,473
11988,548
17106,473
10708,548
18754,475
12089,546
18082,475
11649,546
17077,475
12012,546
18343,475
12054,546
17355,475
10399,546
20811,475
11446,546
18021,475
10177,546
18722,475
10344,546
18115,475
10377,546
17427,475
10608,546
17527,474
10522,550
17114,474
10295,550
18873,474
11720,550
19865,474
11924,550
17437,474
10683,550
17706,474
10989,550
18789,474
11470,550
17304,474
10965,550
17945,474
11023,550
19464,474
10355,550
17194,480
10884,548
20089,480
11887,548
17356,480
11106,548
17603,480
10849,548
17663,480
12323,548
18957,480
11760,548
17739,480
10810,548
17168,480
10343,548
16997,480
11396,548
19486,480
11281,548
18528,475
11665,554
17888,475
12006,554
17611,475
11186,554
18545,475
11725,554
19148,475
11215,554
17743,475
12082,554
18055,475
10803,554
16761,475
11827,554
18062,475
10870,554
18926,475
11863,554
18812,477
9756,552
17512,477
10874,552
30309,477
17991,552
20472,477
14374,552
19272,477
11628,552
17840,477
10288,552
17584,477
10586,552
17633,477
10638,552
17328,477
10221,552
19700,477
12577,552
