17803,458
9478,530
16167,458
9488,530
15554,458
9545,530
16646,458
9511,530
15398,458
10295,530
16694,458
9368,530
16331,458
10033,530
15893,458
9578,530
19921,458
12721,530
15806,458
10476,530
16070,457
10922,538
16453,457
9703,538
16576,457
10680,538
15582,457
10143,538
15864,457
10132,538
18100,457
11046,538
15832,457
9492,538
18239,457
11044,538
16773,457
10670,538
17211,457
9806,538
15935,458
9370,534
16037,458
9603,534
16473,458
10095,534
16213,458
10058,534
16910,458
9309,534
16715,458
9553,534
16147,458
9650,534
17270,458
10560,534
17365,458
9324,534
16353,458
9401,534
16268,460
9548,532
17483,460
10479,532
15740,460
9875,532
17057,460
9432,532
16262,460
9877,532
15699,460
9518,532
16628,460
10137,532
16070,460
9680,532
15496,460
9573,532
15918,460
10382,532
15589,454
9074,526
16800,454
9778,526
16275,454
10606,526
16142,454
9495,526
16080,454
9550,526
15780,454
10649,526
16830,454
10429,526
16089,454
10043,526
16685,454
11052,526
17135,454
10680,526
17175,458
9950,534
15670,458
9712,534
16961,458
10800,534
17235,458
9364,534
16433,458
10526,534
16906,458
9525,534
16462,458
10059,534
16568,458
9772,534
16599,458
9403,534
17436,458
10961,534
15473,460
9943,530
16559,460
9843,530
16106,460
9689,530
17531,460
10819,530
16035,460
9631,530
16769,460
9841,530
16706,460
9589,530
16920,460
10262,530
17725,460
10193,530
16360,460
9890,530
16833,457
10542,528
16999,457
10348,528
15383,457
9233,528
16618,457
9716,528
17629,457
11632,528
15570,457
9538,528
16354,457
9439,528
18514,457
11374,528
16986,457
11139,528
17886,457
10596,528
16977,454
10338,536
17843,454
11972,536
17224,454
10757,536
17056,454
9809,536
16561,454
9934,536
17115,454
11127,536
18033,454
9637,536
17729,454
10061,536
18440,454
10786,536
18200,454
10146,536
16145,457
11266,532
16179,457
11220,532
16973,457
10130,532
16135,457
9522,532
16187,457
10293,532
17579,457
9833,532
16838,457
11283,532
15755,457
9745,532
16765,457
10493,532
17536,457
10522,532
