14002,429
8234,496
14910,429
8498,496
24634,429
16418,496
27976,429
18361,496
15049,429
9519,496
14293,429
9891,496
15857,429
9777,496
27866,429
20031,496
14594,429
8584,496
14490,429
8781,496
14729,429
8847,500
14313,429
8272,500
14822,429
9033,500
14715,429
8488,500
39719,429
25206,500
18776,429
9768,500
14483,429
9734,500
25725,429
20108,500
15500,429
10263,500
15332,429
9218,500
19971,430
11589,502
35239,430
23226,502
14906,430
9965,502
15859,430
8407,502
24424,430
12550,502
19205,430
15171,502
15827,430
11708,502
15491,430
11309,502
15203,430
13858,502
14276,430
8972,502
16415,427
10663,504
13681,427
8724,504
14953,427
9057,504
14070,427
9032,504
34712,427
28087,504
13946,427
8687,504
15123,427
9072,504
15623,427
9681,504
16068,427
10472,504
14699,427
8798,504
14384,428
8857,502
16792,428
11133,502
14472,428
8973,502
16706,428
9754,502
14768,428
8827,502
14098,428
9607,502
15057,428
9343,502
14055,428
8491,502
15319,428
9436,502
13895,428
8693,502
14847,429
9573,504
15320,429
9030,504
15011,429
9232,504
14489,429
8692,504
14340,429
8798,504
14852,429
9524,504
14701,429
8676,504
14277,429
9268,504
14232,429
8649,504
15432,429
8893,504
14107,436
9555,506
15395,436
8704,506
14237,436
8449,506
15856,436
9978,506
16640,436
10495,506
14137,436
8899,506
14505,436
9076,506
15669,436
9620,506
14993,436
8657,506
14852,436
9605,506
16166,427
10507,504
14191,427
8783,504
15374,427
9328,504
16248,427
9594,504
14142,427
8581,504
16170,427
8863,504
14682,427
9126,504
14963,427
8424,504
15179,427
10029,504
14827,427
9943,504
15710,429
8916,500
14784,429
9644,500
14127,429
8913,500
15400,429
9024,500
14442,429
8876,500
13773,429
8540,500
15736,429
9610,500
15369,429
9468,500
14330,429
8945,500
13753,429
8458,500
27309,426
16625,500
14902,426
9283,500
15647,426
9218,500
31279,426
20407,500
16488,426
8982,500
18192,426
14274,500
15562,426
10390,500
28539,426
16994,500
28423,426
12437,500
16486,426
9144,500
