22847,515
13191,608
22367,515
13660,608
21347,515
12664,608
22824,515
12786,608
23761,515
14297,608
29388,515
19282,608
26316,515
16935,608
24322,515
15414,608
28967,515
15672,608
24695,515
14589,608
24372,519
15149,600
22545,519
14438,600
22548,519
13524,600
22489,519
12886,600
23992,519
14569,600
28603,519
14401,600
23301,519
15759,600
24873,519
16348,600
26903,519
15859,600
25929,519
14748,600
23370,513
15188,600
26750,513
15187,600
23843,513
14208,600
24065,513
15437,600
23071,513
14038,600
30773,513
19510,600
22191,513
13227,600
22874,513
13468,600
23523,513
13503,600
27031,513
16713,600
23993,522
13980,598
22727,522
13394,598
27824,522
16363,598
48524,522
29695,598
32591,522
19921,598
23873,522
13350,598
22245,522
13142,598
23488,522
14583,598
24129,522
13742,598
23468,522
13241,598
24962,518
15629,602
56203,518
36042,602
22063,518
12769,602
22959,518
13891,602
23246,518
12749,602
37689,518
26230,602
22071,518
12939,602
22188,518
12998,602
24602,518
13865,602
33637,518
24681,602
22690,520
13229,600
22922,520
12590,600
22405,520
14964,600
24063,520
14145,600
22511,520
14585,600
21932,520
12628,600
22725,520
13396,600
21556,520
13976,600
22647,520
13747,600
25425,520
16140,600
24091,522
13144,602
24661,522
14723,602
22891,522
13265,602
22602,522
13132,602
22661,522
14818,602
22289,522
13292,602
68195,522
40448,602
27120,522
17621,602
25457,522
16440,602
24972,522
15810,602
21486,523
12745,596
21990,523
12829,596
29346,523
18459,596
23094,523
14057,596
26922,523
13930,596
21713,523
12717,596
21458,523
13901,596
54773,523
32006,596
23070,523
13630,596
22526,523
13196,596
36532,519
23573,600
23563,519
14202,600
22600,519
13417,600
22517,519
13440,600
22536,519
13116,600
22108,519
12988,600
22533,519
13916,600
35998,519
24477,600
24697,519
16315,600
22730,519
14219,600
23077,520
13684,604
23162,520
13264,604
23001,520
13066,604
21906,520
13463,604
24507,520
14606,604
22447,520
13399,604
24246,520
17290,604
27196,520
18192,604
23130,520
13648,604
22065,520
12334,604
