31417,548
20861,636
32593,548
26344,636
54762,548
32787,636
37038,548
20380,636
25813,548
16068,636
40845,548
30097,636
26425,548
16327,636
27683,548
17491,636
27837,548
14633,636
23935,548
14416,636
25360,545
15224,630
24820,545
14340,630
25815,545
15099,630
29444,545
18534,630
26096,545
16039,630
24760,545
14937,630
24376,545
15415,630
26099,545
16156,630
27561,545
16543,630
25325,545
14343,630
30196,545
19196,630
25785,545
15892,630
28623,545
17553,630
26484,545
16198,630
25157,545
14364,630
27610,545
14566,630
25726,545
15690,630
25341,545
15392,630
24563,545
14923,630
41679,545
32412,630
52999,547
34780,630
67853,547
45704,630
28233,547
18001,630
24112,547
14571,630
26318,547
14438,630
52130,547
35798,630
27608,547
15836,630
26676,547
15119,630
25112,547
15772,630
24710,547
14804,630
60008,544
32657,630
51871,544
44673,630
24215,544
15707,630
25005,544
15398,630
25580,544
14901,630
58143,544
41819,630
24774,544
15008,630
24480,544
14548,630
24176,544
16062,630
28806,544
17130,630
28004,543
16571,632
31014,543
19553,632
26935,543
16441,632
36940,543
21320,632
26867,543
15455,632
26390,543
15460,632
25314,543
14814,632
24346,543
14265,632
27316,543
16648,632
24389,543
14433,632
25299,544
14373,630
25388,544
14734,630
24726,544
14089,630
24197,544
14188,630
27880,544
15123,630
23703,544
14203,630
26069,544
14814,630
24134,544
14527,630
24945,544
14790,630
24857,544
14279,630
25336,543
14131,626
24199,543
14001,626
24433,543
15168,626
24974,543
14816,626
24216,543
14094,626
24189,543
14115,626
23922,543
14601,626
24557,543
13855,626
24449,543
14027,626
28219,543
17937,626
24791,545
15056,626
24738,545
15540,626
26310,545
17512,626
24426,545
15958,626
24257,545
14557,626
23667,545
14477,626
23692,545
13979,626
25890,545
14572,626
24416,545
14555,626
23351,545
14057,626
26811,547
17034,626
26459,547
14053,626
24376,547
14149,626
24108,547
13938,626
24311,547
14903,626
24326,547
14121,626
24783,547
14671,626
24406,547
15042,626
24025,547
15261,626
23922,547
13841,626
