20770,510
13388,592
23307,510
12239,592
22303,510
12166,592
23426,510
12809,592
21933,510
12980,592
21921,510
12586,592
20863,510
14101,592
20263,510
12907,592
22437,510
11766,592
20184,510
11952,592
20642,508
12358,594
22742,508
12340,594
20844,508
14567,594
20884,508
14179,594
20489,508
11999,594
21629,508
13529,594
22477,508
13812,594
21254,508
12444,594
20440,508
14008,594
21952,508
13707,594
20484,512
12907,588
22001,512
12969,588
21205,512
13149,588
21373,512
13045,588
27693,512
17108,588
27266,512
19730,588
22692,512
14387,588
29056,512
20136,588
22930,512
13003,588
21869,512
13152,588
23359,510
15399,590
22916,510
12848,590
22791,510
14968,590
23915,510
13477,590
88329,510
33450,590
23197,510
14123,590
21345,510
12882,590
24593,510
13147,590
22694,510
13298,590
22200,510
15642,590
21086,513
12909,584
22176,513
12871,584
20957,513
13118,584
23969,513
15816,584
25890,513
15380,584
22699,513
14301,584
23829,513
16802,584
21545,513
12716,584
21337,513
12624,584
22633,513
13257,584
23251,511
14890,586
21634,511
12619,586
22039,511
13930,586
22090,511
12718,586
21828,511
12923,586
42008,511
45379,586
20822,511
12078,586
22065,511
12512,586
48008,511
20824,586
30640,511
21136,586
21112,510
12247,594
25622,510
15550,594
54672,510
39026,594
49808,510
38778,594
37978,510
28625,594
22958,510
15054,594
25904,510
16829,594
29113,510
21128,594
22752,510
12532,594
21363,510
15064,594
20579,513
12332,588
21520,513
13313,588
21316,513
14074,588
25078,513
15352,588
21161,513
12741,588
54140,513
39369,588
21638,513
13768,588
65606,513
46162,588
21759,513
13154,588
21489,513
12024,588
21202,504
12656,586
20974,504
12772,586
22347,504
12354,586
20697,504
12412,586
57623,504
39885,586
22741,504
13425,586
47056,504
31335,586
29184,504
17602,586
35482,504
26318,586
23525,504
15883,586
25755,509
16248,590
40950,509
31646,590
35069,509
22282,590
24776,509
16105,590
24716,509
14741,590
21268,509
12647,590
23852,509
14302,590
20619,509
12394,590
25708,509
16944,590
25385,509
18991,590
