23027,530
13925,610
25797,530
16752,610
24003,530
13511,610
25714,530
14681,610
23041,530
13526,610
25886,530
13144,610
22856,530
13276,610
22594,530
13382,610
22774,530
13755,610
22698,530
13647,610
24697,526
13154,614
22480,526
13947,614
23553,526
13998,614
24030,526
14277,614
22863,526
12837,614
22747,526
13027,614
21996,526
13042,614
23425,526
13286,614
22495,526
13672,614
25562,526
13529,614
22663,533
13828,612
22481,533
13828,612
23561,533
13091,612
23335,533
13223,612
25857,533
16546,612
22719,533
13191,612
23055,533
13262,612
22899,533
12978,612
22282,533
13496,612
22679,533
13181,612
23516,530
16222,612
24944,530
14745,612
23567,530
13182,612
22137,530
13113,612
22055,530
13430,612
22449,530
13156,612
22460,530
14024,612
23543,530
13530,612
22563,530
13731,612
23066,530
14911,612
23043,530
13256,610
22165,530
12873,610
25411,530
13356,610
22494,530
13164,610
24721,530
15668,610
26807,530
17965,610
25042,530
13092,610
22943,530
13827,610
23308,530
14155,610
22430,530
13624,610
23293,528
13646,610
24448,528
13176,610
21934,528
14299,610
22763,528
14032,610
23345,528
13759,610
22445,528
14587,610
24154,528
13948,610
23823,528
14104,610
22398,528
13902,610
23727,528
12705,610
22827,523
13777,610
22398,523
13680,610
22746,523
13417,610
23493,523
14299,610
22569,523
13625,610
24033,523
13630,610
22156,523
13485,610
22472,523
15289,610
22846,523
14072,610
22921,523
13346,610
22473,530
13041,612
22531,530
13200,612
22672,530
13386,612
21687,530
13654,612
22589,530
13499,612
21669,530
12962,612
21885,530
12834,612
21802,530
13831,612
22102,530
13524,612
24094,530
13642,612
23064,529
13545,618
22794,529
13620,618
21729,529
15382,618
24534,529
14096,618
23388,529
13343,618
22644,529
13019,618
23988,529
13723,618
23259,529
13753,618
23133,529
13858,618
25939,529
15111,618
27286,532
18125,606
23276,532
13933,606
24873,532
14455,606
23691,532
13491,606
27459,532
17702,606
26742,532
16924,606
23942,532
13757,606
25223,532
15582,606
22425,532
13706,606
24236,532
14350,606
