25165,535
14596,624
27846,535
17003,624
24264,535
14547,624
25029,535
15381,624
23907,535
14399,624
25862,535
16784,624
26978,535
18113,624
24333,535
16102,624
23210,535
14405,624
26287,535
20230,624
67492,530
51359,622
23609,530
13992,622
23522,530
14850,622
50325,530
34040,622
24568,530
14570,622
24401,530
15066,622
25571,530
15718,622
23712,530
14555,622
24816,530
14428,622
25219,530
15904,622
24346,533
14895,616
54443,533
32301,616
24561,533
14713,616
23951,533
14075,616
24706,533
15562,616
24015,533
15306,616
25290,533
14510,616
24332,533
15109,616
34090,533
24122,616
54977,533
33516,616
23280,540
13709,622
26341,540
16727,622
33380,540
17302,622
34564,540
18372,622
30348,540
18260,622
24176,540
13771,622
23300,540
15852,622
24267,540
14178,622
24384,540
14863,622
37153,540
36350,622
42135,538
29303,618
24124,538
15407,618
26352,538
16883,618
25720,538
16872,618
52257,538
31777,618
26017,538
15522,618
29372,538
15597,618
25694,538
14330,618
23990,538
13997,618
25414,538
16069,618
26064,539
14665,618
26243,539
15925,618
25182,539
15789,618
26215,539
15159,618
26535,539
17355,618
28890,539
18208,618
23257,539
15608,618
23295,539
15287,618
25057,539
14610,618
25557,539
18013,618
35210,534
26787,616
23655,534
13537,616
37556,534
20296,616
25156,534
15672,616
36275,534
25927,616
23855,534
15093,616
23749,534
13693,616
26682,534
17040,616
25589,534
15671,616
22798,534
15819,616
24686,538
13660,620
35758,538
34079,620
39535,538
17792,620
31174,538
20565,620
37668,538
20956,620
26588,538
15637,620
23724,538
13467,620
39549,538
22653,620
24867,538
14801,620
24305,538
13981,620
24481,542
15639,620
23900,542
16191,620
23024,542
13752,620
28624,542
17710,620
25245,542
15400,620
23010,542
14892,620
27321,542
13900,620
24884,542
14238,620
24206,542
14156,620
22965,542
14426,620
28572,539
17697,618
27460,539
16545,618
29655,539
19726,618
28376,539
15587,618
31226,539
18402,618
62659,539
44600,618
29687,539
16717,618
24642,539
14437,618
23562,539
14272,618
27747,539
14479,618
