154,47
86,60
140,47
206,60
194,47
175,60
261,47
187,60
244,47
120,60
307,47
192,60
140,47
82,60
387,47
112,60
147,47
83,60
147,47
82,60
146,46
83,62
154,46
86,62
147,46
85,62
525,46
201,62
316,46
135,62
207,46
123,62
240,46
143,62
279,46
195,62
305,46
232,62
146,46
83,62
389,43
140,60
199,43
178,60
150,43
83,60
479,43
367,60
144,43
81,60
225,43
142,60
219,43
180,60
140,43
88,60
143,43
183,60
257,43
180,60
244,45
137,60
318,45
295,60
245,45
169,60
162,45
81,60
166,45
121,60
351,45
233,60
279,45
188,60
221,45
87,60
163,45
86,60
348,45
254,60
166,45
94,62
149,45
85,62
322,45
189,62
163,45
90,62
102,45
102,62
172,45
81,62
161,45
83,62
193,45
177,62
420,45
328,62
152,45
82,62
241,45
139,62
254,45
120,62
147,45
107,62
148,45
81,62
247,45
217,62
319,45
250,62
151,45
89,62
249,45
204,62
250,45
147,62
160,45
83,62
153,43
86,60
130,43
111,60
165,43
143,60
277,43
181,60
214,43
149,60
168,43
87,60
143,43
130,60
252,43
265,60
202,43
177,60
282,43
104,60
246,44
235,60
343,44
137,60
266,44
155,60
198,44
103,60
220,44
189,60
300,44
244,60
222,44
112,60
273,44
192,60
146,44
82,60
361,44
215,60
338,42
834,60
246,42
143,60
208,42
176,60
494,42
196,60
287,42
184,60
144,42
85,60
172,42
113,60
150,42
82,60
276,42
120,60
155,42
82,60
228,45
212,58
128,45
122,58
343,45
295,58
205,45
99,58
163,45
82,58
269,45
158,58
149,45
81,58
162,45
84,58
161,45
86,58
149,45
103,58
