534,52
467,70
471,52
437,70
268,52
188,70
148,52
139,70
188,52
106,70
346,52
253,70
225,52
121,70
310,52
227,70
212,52
123,70
287,52
202,70
183,52
116,70
234,52
118,70
589,52
277,70
253,52
143,70
191,52
106,70
248,52
148,70
281,52
185,70
362,52
110,70
140,52
136,70
356,52
423,70
283,53
200,70
195,53
314,70
326,53
291,70
362,53
267,70
303,53
224,70
258,53
174,70
363,53
261,70
266,53
212,70
179,53
106,70
188,53
112,70
222,53
181,70
228,53
199,70
335,53
189,70
188,53
112,70
312,53
165,70
320,53
227,70
304,53
230,70
365,53
277,70
162,53
104,70
266,53
162,70
174,52
106,72
215,52
113,72
207,52
167,72
267,52
176,72
262,52
123,72
190,52
104,72
195,52
109,72
321,52
219,72
191,52
108,72
276,52
170,72
242,52
204,70
251,52
206,70
302,52
180,70
221,52
176,70
199,52
109,70
256,52
122,70
190,52
116,70
212,52
114,70
186,52
106,70
261,52
181,70
338,51
208,72
192,51
112,72
265,51
190,72
197,51
106,72
203,51
110,72
239,51
237,72
167,51
107,72
266,51
169,72
173,51
104,72
290,51
199,72
179,52
104,70
154,52
153,70
283,52
450,70
265,52
246,70
435,52
428,70
206,52
104,70
219,52
126,70
274,52
184,70
179,52
104,70
197,52
165,70
286,52
171,72
158,52
135,72
290,52
165,72
330,52
575,72
312,52
251,72
564,52
282,72
222,52
130,72
196,52
165,72
273,52
174,72
260,52
217,72
369,56
370,70
277,56
168,70
219,56
169,70
257,56
127,70
208,56
109,70
365,56
283,70
279,56
244,70
182,56
108,70
288,56
277,70
176,56
107,70
