250,57
200,78
208,57
166,78
325,57
247,78
738,57
715,78
238,57
134,78
339,57
244,78
356,57
282,78
338,57
256,78
358,57
286,78
258,57
141,78
329,56
234,80
214,56
157,80
335,56
211,80
375,56
165,80
232,56
143,80
227,56
138,80
310,56
146,80
367,56
320,80
223,56
143,80
231,56
140,80
807,59
296,78
292,59
485,78
220,59
132,78
298,59
150,78
219,59
132,78
237,59
132,78
235,59
132,78
239,59
132,78
297,59
151,78
220,59
133,78
362,59
258,82
347,59
170,82
281,59
157,82
317,59
182,82
330,59
207,82
280,59
147,82
228,59
150,82
558,59
220,82
268,59
209,82
220,59
140,82
334,59
270,80
242,59
140,80
421,59
211,80
228,59
148,80
481,59
334,80
364,59
303,80
327,59
215,80
333,59
212,80
326,59
230,80
293,59
208,80
225,60
143,82
315,60
144,82
429,60
421,82
274,60
240,82
242,60
163,82
288,60
232,82
226,60
136,82
376,60
259,82
388,60
287,82
357,60
258,82
302,56
250,80
368,56
254,80
334,56
262,80
221,56
149,80
233,56
140,80
375,56
313,80
520,56
383,80
366,56
648,80
348,56
257,80
222,56
139,80
262,61
195,76
312,61
152,76
399,61
331,76
242,61
150,76
340,61
259,76
222,61
129,76
233,61
130,76
297,61
189,76
507,61
317,76
226,61
132,76
374,62
233,80
184,62
165,80
248,62
192,80
221,62
135,80
454,62
283,80
333,62
199,80
357,62
211,80
245,62
173,80
367,62
223,80
461,62
351,80
237,61
143,82
204,61
177,82
346,61
213,82
327,61
189,82
283,61
186,82
373,61
269,82
542,61
234,82
226,61
139,82
309,61
205,82
230,61
144,82
