365,68
214,90
418,68
219,90
274,68
171,90
289,68
215,90
418,68
260,90
268,68
180,90
277,68
191,90
282,68
179,90
295,68
216,90
282,68
186,90
491,69
406,86
646,69
424,86
369,69
214,86
317,69
162,86
401,69
321,86
294,69
173,86
394,69
244,86
266,69
165,86
288,69
176,86
315,69
263,86
282,68
177,84
319,68
325,84
321,68
257,84
345,68
178,84
363,68
287,84
420,68
308,84
870,68
898,84
329,68
296,84
448,68
228,84
492,68
332,84
258,65
170,90
386,65
301,90
638,65
471,90
306,65
248,90
311,65
194,90
301,65
203,90
272,65
179,90
713,65
515,90
376,65
249,90
282,65
221,90
273,68
176,92
340,68
328,92
437,68
273,92
407,68
356,92
1448,68
533,92
277,68
180,92
363,68
250,92
397,68
248,92
268,68
178,92
322,68
219,92
402,67
269,92
293,67
343,92
277,67
179,92
650,67
342,92
300,67
170,92
431,67
284,92
644,67
313,92
291,67
201,92
372,67
243,92
343,67
293,92
367,67
246,86
364,67
209,86
426,67
246,86
318,67
164,86
360,67
487,86
413,67
277,86
305,67
162,86
272,67
173,86
272,67
170,86
331,67
191,86
276,67
174,88
469,67
383,88
294,67
194,88
271,67
218,88
271,67
174,88
431,67
289,88
268,67
169,88
343,67
258,88
262,67
173,88
375,67
257,88
417,67
279,90
315,67
216,90
269,67
173,90
283,67
178,90
341,67
282,90
469,67
355,90
516,67
253,90
598,67
393,90
279,67
178,90
353,67
244,90
336,68
270,90
275,68
177,90
372,68
322,90
459,68
399,90
292,68
183,90
268,68
209,90
480,68
402,90
262,68
172,90
495,68
409,90
275,68
188,90
